5 1 199
2.47755e-016
4.10079e-016
5.66227e-016
7.12949e-016
8.47509e-016
9.67309e-016
1.07034e-015
1.15508e-015
1.22066e-015
1.26648e-015
1.29259e-015
1.29991e-015
1.28942e-015
1.26252e-015
1.22105e-015
1.16688e-015
1.10303e-015
1.031e-015
9.52864e-016
8.71612e-016
7.8907e-016
7.06501e-016
6.26115e-016
5.49272e-016
4.76958e-016
4.11038e-016
3.49329e-016
2.93031e-016
2.45267e-016
2.00694e-016
1.65667e-016
1.33235e-016
1.03686e-016
8.23068e-017
6.32693e-017
5.06586e-017
4.07476e-017
2.46997e-017
1.50475e-017
1.84318e-017
2.27049e-017
0
0
0
0
0
0
0
0
0
0
0
0
0
0
0
0
0
0
0
0
0
0
0
0
0
0
0
0
0
0
0
0
0
0
0
0
0
0
0
0
0
0
0
0
0
0
0
0
0
0
0
0
0
0
0
0
0
0
0
0
0
0
0
0
0
0
0
0
0
0
0
0
0
0
0
0
0
0
0
0
0
0
0
0
0
0
0
0
0
0
0
0
0
0
0
0
0
0
0
0
0
0
0
0
0
0
0
0
0
0
0
0
0
0
0
0
0
0
0
0
0
0
0
0
0
0
0
0
0
0
0
0
0
0
0
0
0
0
0
0
0
0
0
0
0
0
0
0
0
0
0
0
0
0
0
0
0
0
continue
6 1 199
1.80794e-015
2.99278e-015
4.1331e-015
5.20627e-015
6.19177e-015
7.0713e-015
7.83048e-015
8.45792e-015
8.94656e-015
9.29262e-015
9.49693e-015
9.56318e-015
9.4995e-015
9.31595e-015
9.02574e-015
8.64304e-015
8.1834e-015
7.66416e-015
7.10109e-015
6.51081e-015
5.90738e-015
5.30592e-015
4.71643e-015
4.14948e-015
3.61431e-015
3.11496e-015
2.65792e-015
2.24637e-015
1.87778e-015
1.55148e-015
1.27278e-015
1.02916e-015
8.23548e-016
6.50955e-016
5.09036e-016
3.94047e-016
3.02126e-016
2.32326e-016
1.75297e-016
1.27618e-016
1.03784e-016
6.36671e-017
3.93023e-017
4.88598e-017
0
0
0
0
0
0
0
0
0
0
0
0
0
0
0
0
0
0
0
0
0
0
0
0
0
0
0
0
0
0
0
0
0
0
0
0
0
0
0
0
0
0
0
0
0
0
0
0
0
0
0
0
0
0
0
0
0
0
0
0
0
0
0
0
0
0
0
0
0
0
0
0
0
0
0
0
0
0
0
0
0
0
0
0
0
0
0
0
0
0
0
0
0
0
0
0
0
0
0
0
0
0
0
0
0
0
0
0
0
0
0
0
0
0
0
0
0
0
0
0
0
0
0
0
0
0
0
0
0
0
0
0
0
0
0
0
0
0
0
0
0
0
0
0
0
0
0
0
0
0
0
0
0
0
0
continue
7 1 199
1.18442e-014
1.96094e-014
2.709e-014
3.41405e-014
4.06285e-014
4.6438e-014
5.14731e-014
5.56604e-014
5.89508e-014
6.13203e-014
6.27689e-014
6.33203e-014
6.302e-014
6.19324e-014
6.01366e-014
5.77255e-014
5.47991e-014
5.14623e-014
4.78209e-014
4.39789e-014
4.00333e-014
3.60744e-014
3.21805e-014
2.84189e-014
2.48458e-014
2.15069e-014
1.84271e-014
1.56299e-014
1.31247e-014
1.09051e-014
8.97181e-015
7.30097e-015
5.88499e-015
4.68819e-015
3.69468e-015
2.88921e-015
2.2313e-015
1.6963e-015
1.27503e-015
9.59231e-016
6.96346e-016
5.29485e-016
3.88834e-016
2.66157e-016
1.98239e-016
1.65487e-016
1.04693e-016
0
0
0
0
0
0
0
0
0
0
0
0
0
0
0
0
0
0
0
0
0
0
0
0
0
0
0
0
0
0
0
0
0
0
0
0
0
0
0
0
0
0
0
0
0
0
0
0
0
0
0
0
0
0
0
0
0
0
0
0
0
0
0
0
0
0
0
0
0
0
0
0
0
0
0
0
0
0
0
0
0
0
0
0
0
0
0
0
0
0
0
0
0
0
0
0
0
0
0
0
0
0
0
0
0
0
0
0
0
0
0
0
0
0
0
0
0
0
0
0
0
0
0
0
0
0
0
0
0
0
0
0
0
0
0
0
0
0
0
0
0
0
0
0
0
0
0
0
0
0
0
0
continue
8 1 199
7.05735e-014
1.16864e-013
1.61507e-013
2.03657e-013
2.42543e-013
2.77487e-013
3.07924e-013
3.33416e-013
3.53663e-013
3.68506e-013
3.77927e-013
3.82043e-013
3.81096e-013
3.75442e-013
3.65524e-013
3.51867e-013
3.35044e-013
3.15658e-013
2.94328e-013
2.71656e-013
2.48225e-013
2.24567e-013
2.01162e-013
1.78428e-013
1.5671e-013
1.36287e-013
1.17356e-013
1.00053e-013
8.44536e-014
7.05754e-014
5.83788e-014
4.77998e-014
3.8734e-014
3.10678e-014
2.46548e-014
1.93638e-014
1.50332e-014
1.15576e-014
8.79897e-015
6.61453e-015
4.915e-015
3.62362e-015
2.62259e-015
1.88962e-015
1.33992e-015
9.63466e-016
6.59322e-016
4.18902e-016
3.61095e-016
2.39827e-016
3.36439e-016
0
0
0
0
0
0
0
0
0
0
0
0
0
0
0
0
0
0
0
0
0
0
0
0
0
0
0
0
0
0
0
0
0
0
0
0
0
0
0
0
0
0
0
0
0
0
0
0
0
0
0
0
0
0
0
0
0
0
0
0
0
0
0
0
0
0
0
0
0
0
0
0
0
0
0
0
0
0
0
0
0
0
0
0
0
0
0
0
0
0
0
0
0
0
0
0
0
0
0
0
0
0
0
0
0
0
0
0
0
0
0
0
0
0
0
0
0
0
0
0
0
0
0
0
0
0
0
0
0
0
0
0
0
0
0
0
0
0
0
0
0
0
0
0
0
0
0
0
continue
9 1 199
3.85918e-013
6.39186e-013
8.8373e-013
1.11508e-012
1.32911e-012
1.52221e-012
1.69132e-012
1.83405e-012
1.94872e-012
2.03438e-012
2.09081e-012
2.1185e-012
2.11863e-012
2.09294e-012
2.04371e-012
1.9736e-012
1.88562e-012
1.78292e-012
1.66879e-012
1.54646e-012
1.41906e-012
1.28953e-012
1.16052e-012
1.03439e-012
9.13122e-013
7.98321e-013
6.91228e-013
5.92699e-013
5.03269e-013
4.23137e-013
3.52245e-013
2.90306e-013
2.36858e-013
1.91283e-013
1.52899e-013
1.20953e-013
9.46761e-014
7.33516e-014
5.6216e-014
4.26352e-014
3.19892e-014
2.37533e-014
1.74738e-014
1.27461e-014
9.17522e-015
6.53129e-015
4.69705e-015
3.32257e-015
2.40865e-015
1.70788e-015
1.35562e-015
0
0
0
0
0
0
0
0
0
0
0
0
0
0
0
0
0
0
0
0
0
0
0
0
0
0
0
0
0
0
0
0
0
0
0
0
0
0
0
0
0
0
0
0
0
0
0
0
0
0
0
0
0
0
0
0
0
0
0
0
0
0
0
0
0
0
0
0
0
0
0
0
0
0
0
0
0
0
0
0
0
0
0
0
0
0
0
0
0
0
0
0
0
0
0
0
0
0
0
0
0
0
0
0
0
0
0
0
0
0
0
0
0
0
0
0
0
0
0
0
0
0
0
0
0
0
0
0
0
0
0
0
0
0
0
0
0
0
0
0
0
0
0
0
0
0
0
0
continue
10 1 199
1.94926e-012
3.22925e-012
4.46677e-012
5.63996e-012
6.72869e-012
7.71508e-012
8.58398e-012
9.32333e-012
9.92441e-012
1.0382e-011
1.06945e-011
1.08635e-011
1.0894e-011
1.0794e-011
1.0574e-011
1.02464e-011
9.82555e-012
9.3267e-012
8.76573e-012
8.15861e-012
7.52091e-012
6.86737e-012
6.21161e-012
5.56578e-012
4.94035e-012
4.34407e-012
3.78379e-012
3.2646e-012
2.78985e-012
2.36128e-012
1.97924e-012
1.64284e-012
1.3502e-012
1.09868e-012
8.85049e-013
7.05764e-013
5.57051e-013
4.3519e-013
3.36484e-013
2.57482e-013
1.95006e-013
1.46201e-013
1.08494e-013
7.97103e-014
5.80515e-014
4.19553e-014
3.00542e-014
2.14243e-014
1.53466e-014
1.08936e-014
8.18177e-015
0
0
0
0
0
0
0
0
0
0
0
0
0
0
0
0
0
0
0
0
0
0
0
0
0
0
0
0
0
0
0
0
0
0
0
0
0
0
0
0
0
0
0
0
0
0
0
0
0
0
0
0
0
0
0
0
0
0
0
0
0
0
0
0
0
0
0
0
0
0
0
0
0
0
0
0
0
0
0
0
0
0
0
0
0
0
0
0
0
0
0
0
0
0
0
0
0
0
0
0
0
0
0
0
0
0
0
0
0
0
0
0
0
0
0
0
0
0
0
0
0
0
0
0
0
0
0
0
0
0
0
0
0
0
0
0
0
0
0
0
0
0
0
0
0
0
0
0
continue
11 1 199
9.13795e-012
1.51421e-011
2.0955e-011
2.64781e-011
3.16202e-011
3.62996e-011
4.04467e-011
4.40052e-011
4.69334e-011
4.92049e-011
5.0809e-011
5.17501e-011
5.20472e-011
5.17327e-011
5.08508e-011
4.94555e-011
4.76091e-011
4.53792e-011
4.28369e-011
4.00547e-011
3.71039e-011
3.40533e-011
3.09669e-011
2.79029e-011
2.49126e-011
2.20394e-011
1.93187e-011
1.67778e-011
1.44359e-011
1.23049e-011
1.03895e-011
8.68897e-012
7.197e-012
5.90345e-012
4.79506e-012
3.85633e-012
3.07054e-012
2.42039e-012
1.88872e-012
1.45898e-012
1.11568e-012
8.44682e-013
6.33211e-013
4.70204e-013
3.46012e-013
2.52509e-013
1.82968e-013
1.31904e-013
9.50445e-014
6.89459e-014
5.17215e-014
0
0
0
0
0
0
0
0
0
0
0
0
0
0
0
0
0
0
0
0
0
0
0
0
0
0
0
0
0
0
0
0
0
0
0
0
0
0
0
0
0
0
0
0
0
0
0
0
0
0
0
0
0
0
0
0
0
0
0
0
0
0
0
0
0
0
0
0
0
0
0
0
0
0
0
0
0
0
0
0
0
0
0
0
0
0
0
0
0
0
0
0
0
0
0
0
0
0
0
0
0
0
0
0
0
0
0
0
0
0
0
0
0
0
0
0
0
0
0
0
0
0
0
0
0
0
0
0
0
0
0
0
0
0
0
0
0
0
0
0
0
0
0
0
0
0
0
0
continue
12 1 199
3.99042e-011
6.61404e-011
9.15777e-011
1.15803e-010
1.38433e-010
1.59121e-010
1.77571e-010
1.93538e-010
2.06836e-010
2.17344e-010
2.25001e-010
2.2981e-010
2.31837e-010
2.31199e-010
2.28069e-010
2.2266e-010
2.15221e-010
2.0603e-010
1.95381e-010
1.83578e-010
1.70922e-010
1.57711e-010
1.44223e-010
1.30717e-010
1.17424e-010
1.04545e-010
9.22488e-011
8.0669e-011
6.99062e-011
6.00286e-011
5.1074e-011
4.30529e-011
3.59523e-011
2.97395e-011
2.43658e-011
1.97711e-011
1.58873e-011
1.26417e-011
9.96052e-012
7.77076e-012
6.00296e-012
4.59215e-012
3.47929e-012
2.6116e-012
1.94298e-012
1.4339e-012
1.05097e-012
7.6668e-013
5.59027e-013
4.10834e-013
3.11849e-013
0
0
0
0
0
0
0
0
0
0
0
0
0
0
0
0
0
0
0
0
0
0
0
0
0
0
0
0
0
0
0
0
0
0
0
0
0
0
0
0
0
0
0
0
0
0
0
0
0
0
0
0
0
0
0
0
0
0
0
0
0
0
0
0
0
0
0
0
0
0
0
0
0
0
0
0
0
0
0
0
0
0
0
0
0
0
0
0
0
0
0
0
0
0
0
0
0
0
0
0
0
0
0
0
0
0
0
0
0
0
0
0
0
0
0
0
0
0
0
0
0
0
0
0
0
0
0
0
0
0
0
0
0
0
0
0
0
0
0
0
0
0
0
0
0
0
0
0
continue
13 1 199
1.62787e-010
2.69887e-010
3.73882e-010
4.7316e-010
5.66219e-010
6.51697e-010
7.28411e-010
7.95374e-010
8.51821e-010
8.97221e-010
9.31282e-010
9.53952e-010
9.65412e-010
9.66065e-010
9.56511e-010
9.37528e-010
9.10043e-010
8.75098e-010
8.33821e-010
7.87387e-010
7.36989e-010
6.83806e-010
6.2897e-010
5.73544e-010
5.18497e-010
4.6469e-010
4.12862e-010
3.63623e-010
3.17451e-010
2.74694e-010
2.35578e-010
2.00216e-010
1.68616e-010
1.407e-010
1.16317e-010
9.52603e-011
7.72789e-011
6.20955e-011
4.94184e-011
3.89526e-011
3.04096e-011
2.35149e-011
1.80138e-011
1.36745e-011
1.02913e-011
7.68423e-012
5.69965e-012
4.20841e-012
3.10541e-012
2.30943e-012
1.7746e-012
0
0
0
0
0
0
0
0
0
0
0
0
0
0
0
0
0
0
0
0
0
0
0
0
0
0
0
0
0
0
0
0
0
0
0
0
0
0
0
0
0
0
0
0
0
0
0
0
0
0
0
0
0
0
0
0
0
0
0
0
0
0
0
0
0
0
0
0
0
0
0
0
0
0
0
0
0
0
0
0
0
0
0
0
0
0
0
0
0
0
0
0
0
0
0
0
0
0
0
0
0
0
0
0
0
0
0
0
0
0
0
0
0
0
0
0
0
0
0
0
0
0
0
0
0
0
0
0
0
0
0
0
0
0
0
0
0
0
0
0
0
0
0
0
0
0
0
0
continue
14 1 199
6.21791e-010
1.03116e-009
1.42926e-009
1.81025e-009
2.16863e-009
2.4994e-009
2.79817e-009
3.06121e-009
3.28558e-009
3.46915e-009
3.61063e-009
3.70958e-009
3.7664e-009
3.78227e-009
3.75912e-009
3.69956e-009
3.60674e-009
3.4843e-009
3.33623e-009
3.16675e-009
2.98022e-009
2.781e-009
2.57334e-009
2.3613e-009
2.14865e-009
1.93883e-009
1.73482e-009
1.53919e-009
1.35403e-009
1.18095e-009
1.0211e-009
8.75181e-010
7.43504e-010
6.26012e-010
5.22342e-010
4.31879e-010
3.53808e-010
2.87171e-010
2.30918e-010
1.83954e-010
1.45178e-010
1.13517e-010
8.79553e-011
6.75486e-011
5.14425e-011
3.88778e-011
2.91932e-011
2.18258e-011
1.63094e-011
1.22826e-011
9.55323e-012
0
0
0
0
0
0
0
0
0
0
0
0
0
0
0
0
0
0
0
0
0
0
0
0
0
0
0
0
0
0
0
0
0
0
0
0
0
0
0
0
0
0
0
0
0
0
0
0
0
0
0
0
0
0
0
0
0
0
0
0
0
0
0
0
0
0
0
0
0
0
0
0
0
0
0
0
0
0
0
0
0
0
0
0
0
0
0
0
0
0
0
0
0
0
0
0
0
0
0
0
0
0
0
0
0
0
0
0
0
0
0
0
0
0
0
0
0
0
0
0
0
0
0
0
0
0
0
0
0
0
0
0
0
0
0
0
0
0
0
0
0
0
0
0
0
0
0
0
continue
15 1 199
2.22792e-009
3.69573e-009
5.12542e-009
6.49707e-009
7.79195e-009
8.99289e-009
1.00846e-008
1.10541e-008
1.18907e-008
1.25864e-008
1.31362e-008
1.35374e-008
1.37907e-008
1.38989e-008
1.38677e-008
1.3705e-008
1.34207e-008
1.30265e-008
1.25355e-008
1.19618e-008
1.13201e-008
1.06253e-008
9.8923e-009
9.13553e-009
8.36862e-009
7.60418e-009
6.85355e-009
6.12667e-009
5.4319e-009
4.77605e-009
4.16427e-009
3.60019e-009
3.08595e-009
2.62234e-009
2.20893e-009
1.8443e-009
1.52616e-009
1.25157e-009
1.01712e-009
8.19113e-010
6.53691e-010
5.16997e-010
4.0528e-010
3.14984e-010
2.42818e-010
1.85801e-010
1.4129e-010
1.06995e-010
8.09942e-011
6.17917e-011
4.86709e-011
0
0
0
0
0
0
0
0
0
0
0
0
0
0
0
0
0
0
0
0
0
0
0
0
0
0
0
0
0
0
0
0
0
0
0
0
0
0
0
0
0
0
0
0
0
0
0
0
0
0
0
0
0
0
0
0
0
0
0
0
0
0
0
0
0
0
0
0
0
0
0
0
0
0
0
0
0
0
0
0
0
0
0
0
0
0
0
0
0
0
0
0
0
0
0
0
0
0
0
0
0
0
0
0
0
0
0
0
0
0
0
0
0
0
0
0
0
0
0
0
0
0
0
0
0
0
0
0
0
0
0
0
0
0
0
0
0
0
0
0
0
0
0
0
0
0
0
0
continue
16 1 199
7.49999e-009
1.24447e-008
1.72686e-008
2.19086e-008
2.63047e-008
3.04019e-008
3.41506e-008
3.75077e-008
4.04377e-008
4.29129e-008
4.49141e-008
4.64304e-008
4.74598e-008
4.80086e-008
4.80911e-008
4.77291e-008
4.69515e-008
4.57926e-008
4.42921e-008
4.24933e-008
4.04424e-008
3.8187e-008
3.57754e-008
3.3255e-008
3.06717e-008
2.80687e-008
2.54856e-008
2.29582e-008
2.05175e-008
1.81896e-008
1.59956e-008
1.39515e-008
1.20681e-008
1.03519e-008
8.80475e-009
7.42496e-009
6.20744e-009
5.14449e-009
4.22627e-009
3.44149e-009
2.77789e-009
2.22274e-009
1.76332e-009
1.38725e-009
1.0828e-009
8.39118e-010
6.46387e-010
4.9595e-010
3.80441e-010
2.9413e-010
2.3471e-010
0
0
0
0
0
0
0
0
0
0
0
0
0
0
0
0
0
0
0
0
0
0
0
0
0
0
0
0
0
0
0
0
0
0
0
0
0
0
0
0
0
0
0
0
0
0
0
0
0
0
0
0
0
0
0
0
0
0
0
0
0
0
0
0
0
0
0
0
0
0
0
0
0
0
0
0
0
0
0
0
0
0
0
0
0
0
0
0
0
0
0
0
0
0
0
0
0
0
0
0
0
0
0
0
0
0
0
0
0
0
0
0
0
0
0
0
0
0
0
0
0
0
0
0
0
0
0
0
0
0
0
0
0
0
0
0
0
0
0
0
0
0
0
0
0
0
0
0
continue
17 1 199
2.3752e-008
3.94228e-008
5.47357e-008
6.95025e-008
8.35447e-008
9.6696e-008
1.08806e-007
1.19742e-007
1.29393e-007
1.37669e-007
1.44503e-007
1.49854e-007
1.53706e-007
1.56065e-007
1.56963e-007
1.56456e-007
1.54616e-007
1.5154e-007
1.47336e-007
1.42128e-007
1.36049e-007
1.29242e-007
1.21851e-007
1.1402e-007
1.05894e-007
9.76088e-008
8.92941e-008
8.10686e-008
7.30387e-008
6.52971e-008
5.79215e-008
5.09745e-008
4.45035e-008
3.85409e-008
3.3105e-008
2.82014e-008
2.38241e-008
1.99571e-008
1.65764e-008
1.36515e-008
1.11474e-008
9.02595e-009
7.24772e-009
5.77311e-009
4.56356e-009
3.58252e-009
2.79623e-009
2.17431e-009
1.69062e-009
1.32495e-009
1.0715e-009
0
0
0
0
0
0
0
0
0
0
0
0
0
0
0
0
0
0
0
0
0
0
0
0
0
0
0
0
0
0
0
0
0
0
0
0
0
0
0
0
0
0
0
0
0
0
0
0
0
0
0
0
0
0
0
0
0
0
0
0
0
0
0
0
0
0
0
0
0
0
0
0
0
0
0
0
0
0
0
0
0
0
0
0
0
0
0
0
0
0
0
0
0
0
0
0
0
0
0
0
0
0
0
0
0
0
0
0
0
0
0
0
0
0
0
0
0
0
0
0
0
0
0
0
0
0
0
0
0
0
0
0
0
0
0
0
0
0
0
0
0
0
0
0
0
0
0
0
continue
18 1 199
7.08459e-008
1.17622e-007
1.63404e-007
2.07669e-007
2.49916e-007
2.89677e-007
3.26524e-007
3.60075e-007
3.90001e-007
4.1603e-007
4.37954e-007
4.55627e-007
4.68971e-007
4.77973e-007
4.82687e-007
4.83231e-007
4.79781e-007
4.72569e-007
4.61875e-007
4.48024e-007
4.31374e-007
4.12309e-007
3.91234e-007
3.6856e-007
3.44702e-007
3.20063e-007
2.95035e-007
2.69982e-007
2.45243e-007
2.21119e-007
1.97874e-007
1.75732e-007
1.5487e-007
1.35425e-007
1.17491e-007
1.01121e-007
8.6333e-008
7.31097e-008
6.14062e-008
5.11533e-008
4.22632e-008
3.46341e-008
2.81551e-008
2.27107e-008
1.81848e-008
1.44641e-008
1.14414e-008
9.01835e-009
7.10932e-009
5.64927e-009
4.63134e-009
0
0
0
0
0
0
0
0
0
0
0
0
0
0
0
0
0
0
0
0
0
0
0
0
0
0
0
0
0
0
0
0
0
0
0
0
0
0
0
0
0
0
0
0
0
0
0
0
0
0
0
0
0
0
0
0
0
0
0
0
0
0
0
0
0
0
0
0
0
0
0
0
0
0
0
0
0
0
0
0
0
0
0
0
0
0
0
0
0
0
0
0
0
0
0
0
0
0
0
0
0
0
0
0
0
0
0
0
0
0
0
0
0
0
0
0
0
0
0
0
0
0
0
0
0
0
0
0
0
0
0
0
0
0
0
0
0
0
0
0
0
0
0
0
0
0
0
0
continue
19 1 199
1.99227e-007
3.30863e-007
4.59915e-007
5.85016e-007
7.04853e-007
8.18192e-007
9.23889e-007
1.02091e-006
1.10836e-006
1.18546e-006
1.25159e-006
1.30631e-006
1.34931e-006
1.38047e-006
1.39983e-006
1.4076e-006
1.40414e-006
1.38996e-006
1.36573e-006
1.3322e-006
1.29027e-006
1.24091e-006
1.18514e-006
1.12406e-006
1.05877e-006
9.90384e-007
9.1998e-007
8.4861e-007
7.77262e-007
7.06848e-007
6.38189e-007
5.72004e-007
5.08905e-007
4.49386e-007
3.93827e-007
3.42497e-007
2.95551e-007
2.53048e-007
2.14952e-007
1.81148e-007
1.51453e-007
1.25634e-007
1.03412e-007
8.44844e-008
6.85343e-008
5.52409e-008
4.42923e-008
3.53963e-008
2.82958e-008
2.28029e-008
1.89555e-008
0
0
0
0
0
0
0
0
0
0
0
0
0
0
0
0
0
0
0
0
0
0
0
0
0
0
0
0
0
0
0
0
0
0
0
0
0
0
0
0
0
0
0
0
0
0
0
0
0
0
0
0
0
0
0
0
0
0
0
0
0
0
0
0
0
0
0
0
0
0
0
0
0
0
0
0
0
0
0
0
0
0
0
0
0
0
0
0
0
0
0
0
0
0
0
0
0
0
0
0
0
0
0
0
0
0
0
0
0
0
0
0
0
0
0
0
0
0
0
0
0
0
0
0
0
0
0
0
0
0
0
0
0
0
0
0
0
0
0
0
0
0
0
0
0
0
0
0
continue
20 1 199
5.28688e-007
8.78271e-007
1.22156e-006
1.55521e-006
1.87599e-006
2.18086e-006
2.46696e-006
2.73166e-006
2.97265e-006
3.18789e-006
3.3757e-006
3.53474e-006
3.66407e-006
3.76313e-006
3.83175e-006
3.87016e-006
3.87899e-006
3.85922e-006
3.81222e-006
3.73966e-006
3.64353e-006
3.52606e-006
3.38969e-006
3.23706e-006
3.0709e-006
2.89401e-006
2.70919e-006
2.51922e-006
2.32677e-006
2.13438e-006
1.94441e-006
1.75899e-006
1.58e-006
1.40906e-006
1.24749e-006
1.09633e-006
9.56318e-007
8.27921e-007
7.11336e-007
6.06519e-007
5.13216e-007
4.30987e-007
3.59247e-007
2.97297e-007
2.44363e-007
1.99628e-007
1.62269e-007
1.31497e-007
1.06614e-007
8.71505e-008
7.34752e-008
0
0
0
0
0
0
0
0
0
0
0
0
0
0
0
0
0
0
0
0
0
0
0
0
0
0
0
0
0
0
0
0
0
0
0
0
0
0
0
0
0
0
0
0
0
0
0
0
0
0
0
0
0
0
0
0
0
0
0
0
0
0
0
0
0
0
0
0
0
0
0
0
0
0
0
0
0
0
0
0
0
0
0
0
0
0
0
0
0
0
0
0
0
0
0
0
0
0
0
0
0
0
0
0
0
0
0
0
0
0
0
0
0
0
0
0
0
0
0
0
0
0
0
0
0
0
0
0
0
0
0
0
0
0
0
0
0
0
0
0
0
0
0
0
0
0
0
0
continue
21 1 199
1.32509e-006
2.20193e-006
3.0644e-006
3.90486e-006
4.71589e-006
5.4904e-006
6.2217e-006
6.9036e-006
7.53048e-006
8.09732e-006
8.59984e-006
9.03447e-006
9.39846e-006
9.68991e-006
9.90776e-006
1.00518e-005
1.01229e-005
1.01224e-005
1.00529e-005
9.91764e-006
9.72055e-006
9.46634e-006
9.16029e-006
8.80822e-006
8.41634e-006
7.99116e-006
7.53937e-006
7.06774e-006
6.58294e-006
6.0915e-006
5.59962e-006
5.11311e-006
4.63729e-006
4.17691e-006
3.73608e-006
3.31823e-006
2.92609e-006
2.56169e-006
2.22638e-006
1.92082e-006
1.6451e-006
1.39874e-006
1.1808e-006
9.8995e-007
8.24561e-007
6.82801e-007
5.62743e-007
4.62485e-007
3.80361e-007
3.15431e-007
2.69762e-007
0
0
0
0
0
0
0
0
0
0
0
0
0
0
0
0
0
0
0
0
0
0
0
0
0
0
0
0
0
0
0
0
0
0
0
0
0
0
0
0
0
0
0
0
0
0
0
0
0
0
0
0
0
0
0
0
0
0
0
0
0
0
0
0
0
0
0
0
0
0
0
0
0
0
0
0
0
0
0
0
0
0
0
0
0
0
0
0
0
0
0
0
0
0
0
0
0
0
0
0
0
0
0
0
0
0
0
0
0
0
0
0
0
0
0
0
0
0
0
0
0
0
0
0
0
0
0
0
0
0
0
0
0
0
0
0
0
0
0
0
0
0
0
0
0
0
0
0
continue
22 1 199
3.13936e-006
5.21829e-006
7.26656e-006
9.26777e-006
1.1206e-005
1.30657e-005
1.48324e-005
1.64924e-005
1.80328e-005
1.94421e-005
2.07102e-005
2.18282e-005
2.2789e-005
2.35868e-005
2.4218e-005
2.46804e-005
2.49738e-005
2.50999e-005
2.50621e-005
2.48659e-005
2.45182e-005
2.40278e-005
2.34049e-005
2.26614e-005
2.18099e-005
2.08645e-005
1.98396e-005
1.87505e-005
1.76125e-005
1.64409e-005
1.5251e-005
1.40571e-005
1.28731e-005
1.17116e-005
1.05841e-005
9.50067e-006
8.46998e-006
7.499e-006
6.59312e-006
5.75611e-006
4.9902e-006
4.29614e-006
3.67337e-006
3.12017e-006
2.63386e-006
2.21102e-006
1.8478e-006
1.54028e-006
1.28514e-006
1.08136e-006
9.38258e-007
0
0
0
0
0
0
0
0
0
0
0
0
0
0
0
0
0
0
0
0
0
0
0
0
0
0
0
0
0
0
0
0
0
0
0
0
0
0
0
0
0
0
0
0
0
0
0
0
0
0
0
0
0
0
0
0
0
0
0
0
0
0
0
0
0
0
0
0
0
0
0
0
0
0
0
0
0
0
0
0
0
0
0
0
0
0
0
0
0
0
0
0
0
0
0
0
0
0
0
0
0
0
0
0
0
0
0
0
0
0
0
0
0
0
0
0
0
0
0
0
0
0
0
0
0
0
0
0
0
0
0
0
0
0
0
0
0
0
0
0
0
0
0
0
0
0
0
0
continue
23 1 199
7.03619e-006
1.16991e-005
1.63009e-005
2.08087e-005
2.51903e-005
2.94146e-005
3.34516e-005
3.72726e-005
4.08509e-005
4.41617e-005
4.71823e-005
4.98926e-005
5.22751e-005
5.43155e-005
5.60024e-005
5.73279e-005
5.82876e-005
5.88805e-005
5.91097e-005
5.89817e-005
5.85069e-005
5.76994e-005
5.65767e-005
5.51597e-005
5.34724e-005
5.15414e-005
4.93958e-005
4.70666e-005
4.4586e-005
4.19874e-005
3.93043e-005
3.65699e-005
3.38167e-005
3.10757e-005
2.8376e-005
2.57444e-005
2.32047e-005
2.07778e-005
1.8481e-005
1.63281e-005
1.43296e-005
1.24921e-005
1.08193e-005
9.31152e-006
7.96657e-006
6.78008e-006
5.74621e-006
4.85874e-006
4.11309e-006
3.51196e-006
3.09197e-006
0
0
0
0
0
0
0
0
0
0
0
0
0
0
0
0
0
0
0
0
0
0
0
0
0
0
0
0
0
0
0
0
0
0
0
0
0
0
0
0
0
0
0
0
0
0
0
0
0
0
0
0
0
0
0
0
0
0
0
0
0
0
0
0
0
0
0
0
0
0
0
0
0
0
0
0
0
0
0
0
0
0
0
0
0
0
0
0
0
0
0
0
0
0
0
0
0
0
0
0
0
0
0
0
0
0
0
0
0
0
0
0
0
0
0
0
0
0
0
0
0
0
0
0
0
0
0
0
0
0
0
0
0
0
0
0
0
0
0
0
0
0
0
0
0
0
0
0
continue
24 1 199
1.49308e-005
2.48329e-005
3.46213e-005
4.42346e-005
5.36125e-005
6.26958e-005
7.14273e-005
7.97516e-005
8.76158e-005
9.497e-005
0.000101768
0.000107966
0.000113526
0.000118415
0.000122603
0.000126068
0.000128792
0.000130765
0.000131982
0.000132448
0.000132172
0.000131173
0.000129473
0.000127107
0.000124113
0.000120537
0.00011643
0.000111849
0.000106857
0.000101517
9.58994e-005
9.00722e-005
8.41059e-005
7.80696e-005
7.20304e-005
6.60522e-005
6.01948e-005
5.45126e-005
4.90541e-005
4.38607e-005
3.89672e-005
3.44005e-005
3.01803e-005
2.63193e-005
2.28237e-005
1.96942e-005
1.69277e-005
1.45201e-005
1.24722e-005
1.08075e-005
9.65589e-006
0
0
0
0
0
0
0
0
0
0
0
0
0
0
0
0
0
0
0
0
0
0
0
0
0
0
0
0
0
0
0
0
0
0
0
0
0
0
0
0
0
0
0
0
0
0
0
0
0
0
0
0
0
0
0
0
0
0
0
0
0
0
0
0
0
0
0
0
0
0
0
0
0
0
0
0
0
0
0
0
0
0
0
0
0
0
0
0
0
0
0
0
0
0
0
0
0
0
0
0
0
0
0
0
0
0
0
0
0
0
0
0
0
0
0
0
0
0
0
0
0
0
0
0
0
0
0
0
0
0
0
0
0
0
0
0
0
0
0
0
0
0
0
0
0
0
0
0
continue
25 1 199
3.00221e-005
4.99474e-005
6.96761e-005
8.91019e-005
0.000108119
0.000126624
0.000144514
0.00016169
0.000178054
0.000193514
0.000207979
0.000221366
0.000233596
0.000244596
0.000254302
0.000262657
0.000269613
0.000275134
0.000279191
0.000281771
0.000282871
0.000282503
0.000280689
0.00027747
0.000272897
0.000267037
0.000259969
0.000251787
0.000242594
0.000232506
0.000221647
0.000210149
0.000198149
0.000185787
0.000173202
0.000160535
0.000147919
0.000135482
0.000123344
0.000111614
0.000100387
8.9746e-005
7.97597e-005
7.04822e-005
6.19539e-005
5.42037e-005
4.72522e-005
4.11191e-005
3.58404e-005
3.152e-005
2.8581e-005
0
0
0
0
0
0
0
0
0
0
0
0
0
0
0
0
0
0
0
0
0
0
0
0
0
0
0
0
0
0
0
0
0
0
0
0
0
0
0
0
0
0
0
0
0
0
0
0
0
0
0
0
0
0
0
0
0
0
0
0
0
0
0
0
0
0
0
0
0
0
0
0
0
0
0
0
0
0
0
0
0
0
0
0
0
0
0
0
0
0
0
0
0
0
0
0
0
0
0
0
0
0
0
0
0
0
0
0
0
0
0
0
0
0
0
0
0
0
0
0
0
0
0
0
0
0
0
0
0
0
0
0
0
0
0
0
0
0
0
0
0
0
0
0
0
0
0
0
continue
26 1 199
5.72517e-005
9.52768e-005
0.000132988
0.000170215
0.000206786
0.000242533
0.000277286
0.000310879
0.000343147
0.000373927
0.000403061
0.000430395
0.000455781
0.000479076
0.000500149
0.000518876
0.000535146
0.00054886
0.000559937
0.000568312
0.000573938
0.00057679
0.000576865
0.000574186
0.000568798
0.000560776
0.000550218
0.000537251
0.000522027
0.000504723
0.000485541
0.000464702
0.000442446
0.000419028
0.000394713
0.000369774
0.000344485
0.000319116
0.00029393
0.000269179
0.000245097
0.000221898
0.000199773
0.000178889
0.000159389
0.000141396
0.000125019
0.000110373
9.76263e-005
8.71435e-005
8.02007e-005
0
0
0
0
0
0
0
0
0
0
0
0
0
0
0
0
0
0
0
0
0
0
0
0
0
0
0
0
0
0
0
0
0
0
0
0
0
0
0
0
0
0
0
0
0
0
0
0
0
0
0
0
0
0
0
0
0
0
0
0
0
0
0
0
0
0
0
0
0
0
0
0
0
0
0
0
0
0
0
0
0
0
0
0
0
0
0
0
0
0
0
0
0
0
0
0
0
0
0
0
0
0
0
0
0
0
0
0
0
0
0
0
0
0
0
0
0
0
0
0
0
0
0
0
0
0
0
0
0
0
0
0
0
0
0
0
0
0
0
0
0
0
0
0
0
0
0
0
continue
27 1 199
0.000103642
0.000172528
0.000240955
0.000308672
0.000375426
0.000440964
0.000505029
0.000567364
0.00062771
0.000685807
0.000741396
0.000794215
0.000844009
0.000890523
0.000933508
0.000972727
0.00100795
0.00103896
0.00106556
0.00108757
0.00110485
0.00111726
0.00112473
0.00112718
0.00112461
0.00111705
0.00110458
0.00108731
0.00106541
0.00103913
0.00100871
0.000974504
0.000936863
0.0008962
0.000852964
0.000807631
0.000760701
0.000712691
0.000664122
0.000615512
0.000567368
0.000520177
0.000474401
0.00043047
0.000388781
0.000349706
0.000313612
0.000280901
0.00025214
0.000228443
0.000213401
0
0
0
0
0
0
0
0
0
0
0
0
0
0
0
0
0
0
0
0
0
0
0
0
0
0
0
0
0
0
0
0
0
0
0
0
0
0
0
0
0
0
0
0
0
0
0
0
0
0
0
0
0
0
0
0
0
0
0
0
0
0
0
0
0
0
0
0
0
0
0
0
0
0
0
0
0
0
0
0
0
0
0
0
0
0
0
0
0
0
0
0
0
0
0
0
0
0
0
0
0
0
0
0
0
0
0
0
0
0
0
0
0
0
0
0
0
0
0
0
0
0
0
0
0
0
0
0
0
0
0
0
0
0
0
0
0
0
0
0
0
0
0
0
0
0
0
0
continue
28 1 199
0.00017829
0.000296875
0.000414857
0.000531902
0.000647672
0.000761823
0.000874002
0.000983848
0.00109099
0.00119505
0.00129563
0.00139233
0.00148475
0.00157246
0.00165504
0.00173208
0.00180315
0.00186783
0.00192572
0.00197644
0.00201961
0.00205492
0.00208206
0.00210078
0.0021109
0.00211228
0.00210486
0.00208865
0.00206375
0.00203035
0.00198872
0.00193924
0.00188237
0.00181869
0.00174883
0.00167354
0.00159363
0.00150996
0.00142345
0.00133508
0.00124581
0.00115664
0.00106854
0.000982492
0.000899435
0.00082032
0.000746138
0.000678035
0.000617626
0.000567984
0.000538571
0
0
0
0
0
0
0
0
0
0
0
0
0
0
0
0
0
0
0
0
0
0
0
0
0
0
0
0
0
0
0
0
0
0
0
0
0
0
0
0
0
0
0
0
0
0
0
0
0
0
0
0
0
0
0
0
0
0
0
0
0
0
0
0
0
0
0
0
0
0
0
0
0
0
0
0
0
0
0
0
0
0
0
0
0
0
0
0
0
0
0
0
0
0
0
0
0
0
0
0
0
0
0
0
0
0
0
0
0
0
0
0
0
0
0
0
0
0
0
0
0
0
0
0
0
0
0
0
0
0
0
0
0
0
0
0
0
0
0
0
0
0
0
0
0
0
0
0
continue
29 1 199
0.000291782
0.000485991
0.000679511
0.000871956
0.00106293
0.00125203
0.00143881
0.00162283
0.00180362
0.00198066
0.00215344
0.00232138
0.00248389
0.00264035
0.00279011
0.00293249
0.0030668
0.00319231
0.00330831
0.00341405
0.00350883
0.00359193
0.00366267
0.00372043
0.00376462
0.00379474
0.00381037
0.00381119
0.003797
0.00376775
0.00372351
0.00366453
0.00359122
0.00350418
0.00340415
0.0032921
0.00316914
0.00303656
0.00289579
0.0027484
0.00259608
0.00244062
0.00228388
0.0021278
0.00197439
0.00182577
0.00168428
0.00155278
0.00143537
0.00133981
0.00128956
0
0
0
0
0
0
0
0
0
0
0
0
0
0
0
0
0
0
0
0
0
0
0
0
0
0
0
0
0
0
0
0
0
0
0
0
0
0
0
0
0
0
0
0
0
0
0
0
0
0
0
0
0
0
0
0
0
0
0
0
0
0
0
0
0
0
0
0
0
0
0
0
0
0
0
0
0
0
0
0
0
0
0
0
0
0
0
0
0
0
0
0
0
0
0
0
0
0
0
0
0
0
0
0
0
0
0
0
0
0
0
0
0
0
0
0
0
0
0
0
0
0
0
0
0
0
0
0
0
0
0
0
0
0
0
0
0
0
0
0
0
0
0
0
0
0
0
0
continue
30 1 199
0.000454875
0.000757845
0.0010602
0.00136157
0.0016616
0.00195989
0.00225599
0.00254942
0.00283968
0.00312617
0.00340827
0.00368527
0.00395641
0.00422086
0.0044777
0.00472597
0.00496462
0.00519256
0.0054086
0.00561154
0.00580012
0.00597306
0.00612907
0.00626687
0.00638519
0.00648284
0.00655869
0.00661173
0.00664108
0.00664602
0.00662605
0.00658087
0.00651047
0.0064151
0.00629531
0.00615199
0.00598635
0.00579996
0.00559472
0.00537285
0.0051369
0.00488975
0.00463456
0.0043748
0.00411429
0.00385729
0.0036088
0.0033752
0.00316601
0.00299952
0.00293046
0
0
0
0
0
0
0
0
0
0
0
0
0
0
0
0
0
0
0
0
0
0
0
0
0
0
0
0
0
0
0
0
0
0
0
0
0
0
0
0
0
0
0
0
0
0
0
0
0
0
0
0
0
0
0
0
0
0
0
0
0
0
0
0
0
0
0
0
0
0
0
0
0
0
0
0
0
0
0
0
0
0
0
0
0
0
0
0
0
0
0
0
0
0
0
0
0
0
0
0
0
0
0
0
0
0
0
0
0
0
0
0
0
0
0
0
0
0
0
0
0
0
0
0
0
0
0
0
0
0
0
0
0
0
0
0
0
0
0
0
0
0
0
0
0
0
0
0
continue
31 1 199
0.00067649
0.00112737
0.00157798
0.00202816
0.00247771
0.00292639
0.0033739
0.00381989
0.0042639
0.00470542
0.00514383
0.00557839
0.00600825
0.00643244
0.00684986
0.00725927
0.00765928
0.00804837
0.00842487
0.008787
0.00913281
0.00946028
0.00976725
0.0100515
0.0103108
0.0105428
0.0107452
0.0109159
0.0110527
0.0111536
0.0112169
0.011241
0.0112249
0.0111677
0.0110692
0.0109293
0.010749
0.0105293
0.0102724
0.00998077
0.0096577
0.00930718
0.008934
0.00854372
0.0081429
0.00773936
0.00734283
0.00696645
0.0066307
0.00637578
0.00632246
0
0
0
0
0
0
0
0
0
0
0
0
0
0
0
0
0
0
0
0
0
0
0
0
0
0
0
0
0
0
0
0
0
0
0
0
0
0
0
0
0
0
0
0
0
0
0
0
0
0
0
0
0
0
0
0
0
0
0
0
0
0
0
0
0
0
0
0
0
0
0
0
0
0
0
0
0
0
0
0
0
0
0
0
0
0
0
0
0
0
0
0
0
0
0
0
0
0
0
0
0
0
0
0
0
0
0
0
0
0
0
0
0
0
0
0
0
0
0
0
0
0
0
0
0
0
0
0
0
0
0
0
0
0
0
0
0
0
0
0
0
0
0
0
0
0
0
0
continue
32 1 199
0.000961378
0.00160254
0.00224423
0.0028867
0.00353017
0.00417479
0.00482064
0.00546771
0.00611589
0.00676492
0.00741442
0.00806386
0.0087125
0.00935944
0.0100036
0.0106435
0.0112777
0.0119044
0.0125213
0.0131263
0.0137167
0.0142896
0.014842
0.0153703
0.0158712
0.0163408
0.0167753
0.0171706
0.0175229
0.017828
0.0180822
0.0182819
0.0184236
0.0185045
0.0185222
0.018475
0.0183618
0.0181827
0.0179384
0.0176311
0.017264
0.0168418
0.0163706
0.0158586
0.0153159
0.0147557
0.0141955
0.0136605
0.013192
0.0128731
0.0129562
0
0
0
0
0
0
0
0
0
0
0
0
0
0
0
0
0
0
0
0
0
0
0
0
0
0
0
0
0
0
0
0
0
0
0
0
0
0
0
0
0
0
0
0
0
0
0
0
0
0
0
0
0
0
0
0
0
0
0
0
0
0
0
0
0
0
0
0
0
0
0
0
0
0
0
0
0
0
0
0
0
0
0
0
0
0
0
0
0
0
0
0
0
0
0
0
0
0
0
0
0
0
0
0
0
0
0
0
0
0
0
0
0
0
0
0
0
0
0
0
0
0
0
0
0
0
0
0
0
0
0
0
0
0
0
0
0
0
0
0
0
0
0
0
0
0
0
0
continue
33 1 199
0.00130806
0.00218096
0.00305575
0.00393342
0.00481493
0.00570113
0.00659282
0.00749067
0.00839522
0.00930685
0.0102258
0.011152
0.0120853
0.0130252
0.0139709
0.0149213
0.015875
0.0168303
0.0177848
0.0187361
0.019681
0.0206161
0.0215374
0.0224406
0.0233206
0.0241721
0.0249896
0.0257667
0.0264972
0.0271743
0.0277914
0.0283415
0.0288182
0.0292149
0.0295257
0.0297453
0.0298695
0.0298948
0.0298193
0.0296428
0.0293669
0.0289956
0.0285358
0.0279976
0.0273954
0.0267499
0.0260907
0.0254633
0.024946
0.0247017
0.0252302
0
0
0
0
0
0
0
0
0
0
0
0
0
0
0
0
0
0
0
0
0
0
0
0
0
0
0
0
0
0
0
0
0
0
0
0
0
0
0
0
0
0
0
0
0
0
0
0
0
0
0
0
0
0
0
0
0
0
0
0
0
0
0
0
0
0
0
0
0
0
0
0
0
0
0
0
0
0
0
0
0
0
0
0
0
0
0
0
0
0
0
0
0
0
0
0
0
0
0
0
0
0
0
0
0
0
0
0
0
0
0
0
0
0
0
0
0
0
0
0
0
0
0
0
0
0
0
0
0
0
0
0
0
0
0
0
0
0
0
0
0
0
0
0
0
0
0
0
continue
34 1 199
0.00170772
0.00284798
0.00399216
0.00514235
0.0063006
0.00746889
0.0086491
0.00984301
0.0110522
0.0122783
0.0135224
0.0147856
0.0160687
0.0173722
0.0186962
0.0200406
0.0214045
0.0227869
0.0241862
0.0256
0.0270255
0.0284592
0.0298968
0.0313334
0.0327633
0.0341798
0.0355756
0.0369427
0.0382722
0.0395544
0.0407794
0.0419364
0.0430146
0.0440029
0.0448904
0.0456664
0.0463212
0.046846
0.0472338
0.0474793
0.0475804
0.047538
0.0473577
0.0470507
0.046636
0.046144
0.0456223
0.045149
0.0448651
0.0450738
0.0467155
0
0
0
0
0
0
0
0
0
0
0
0
0
0
0
0
0
0
0
0
0
0
0
0
0
0
0
0
0
0
0
0
0
0
0
0
0
0
0
0
0
0
0
0
0
0
0
0
0
0
0
0
0
0
0
0
0
0
0
0
0
0
0
0
0
0
0
0
0
0
0
0
0
0
0
0
0
0
0
0
0
0
0
0
0
0
0
0
0
0
0
0
0
0
0
0
0
0
0
0
0
0
0
0
0
0
0
0
0
0
0
0
0
0
0
0
0
0
0
0
0
0
0
0
0
0
0
0
0
0
0
0
0
0
0
0
0
0
0
0
0
0
0
0
0
0
0
0
continue
35 1 199
0.00214468
0.00357748
0.00501688
0.00646646
0.00792977
0.00941027
0.0109114
0.0124365
0.0139887
0.0155711
0.0171866
0.0188379
0.0205274
0.0222572
0.0240292
0.0258448
0.027705
0.02961
0.0315598
0.0335536
0.0355896
0.0376655
0.0397779
0.0419224
0.0440934
0.0462844
0.0484874
0.0506934
0.0528919
0.0550711
0.0572181
0.0593186
0.0613576
0.0633188
0.0651858
0.0669414
0.0685691
0.0700528
0.0713779
0.072532
0.0735061
0.0742956
0.0749025
0.0753377
0.075625
0.0758074
0.0759586
0.0762079
0.0767982
0.0782666
0.0822972
0
0
0
0
0
0
0
0
0
0
0
0
0
0
0
0
0
0
0
0
0
0
0
0
0
0
0
0
0
0
0
0
0
0
0
0
0
0
0
0
0
0
0
0
0
0
0
0
0
0
0
0
0
0
0
0
0
0
0
0
0
0
0
0
0
0
0
0
0
0
0
0
0
0
0
0
0
0
0
0
0
0
0
0
0
0
0
0
0
0
0
0
0
0
0
0
0
0
0
0
0
0
0
0
0
0
0
0
0
0
0
0
0
0
0
0
0
0
0
0
0
0
0
0
0
0
0
0
0
0
0
0
0
0
0
0
0
0
0
0
0
0
0
0
0
0
0
0
continue
36 1 199
0.00259841
0.00433518
0.00608182
0.00784372
0.00962626
0.0114348
0.0132746
0.015151
0.0170693
0.0190346
0.0210519
0.0231263
0.0252625
0.027465
0.0297383
0.0320862
0.0345124
0.03702
0.0396116
0.0422891
0.0450535
0.0479052
0.0508433
0.0538658
0.0569694
0.0601494
0.0633995
0.0667115
0.0700756
0.07348
0.0769107
0.0803519
0.0837859
0.0871929
0.0905517
0.0938396
0.0970334
0.10011
0.103045
0.10582
0.108415
0.110821
0.113034
0.115064
0.11694
0.118725
0.120531
0.122564
0.125227
0.12943
0.138046
0
0
0
0
0
0
0
0
0
0
0
0
0
0
0
0
0
0
0
0
0
0
0
0
0
0
0
0
0
0
0
0
0
0
0
0
0
0
0
0
0
0
0
0
0
0
0
0
0
0
0
0
0
0
0
0
0
0
0
0
0
0
0
0
0
0
0
0
0
0
0
0
0
0
0
0
0
0
0
0
0
0
0
0
0
0
0
0
0
0
0
0
0
0
0
0
0
0
0
0
0
0
0
0
0
0
0
0
0
0
0
0
0
0
0
0
0
0
0
0
0
0
0
0
0
0
0
0
0
0
0
0
0
0
0
0
0
0
0
0
0
0
0
0
0
0
0
0
continue
37 1 199
0.0030468
0.00508415
0.00713505
0.00920691
0.0113072
0.0134434
0.015623
0.0178536
0.0201429
0.0224987
0.0249285
0.0274402
0.0300415
0.0327402
0.0355439
0.0384602
0.0414964
0.0446595
0.0479563
0.0513929
0.0549749
0.0587072
0.0625937
0.0666373
0.0708394
0.0752001
0.0797177
0.0843884
0.0892065
0.0941636
0.0992489
0.104449
0.109747
0.115124
0.120558
0.126024
0.131495
0.136945
0.142344
0.147666
0.152887
0.157991
0.162971
0.167842
0.172643
0.177466
0.182482
0.188015
0.194708
0.204036
0.220679
0
0
0
0
0
0
0
0
0
0
0
0
0
0
0
0
0
0
0
0
0
0
0
0
0
0
0
0
0
0
0
0
0
0
0
0
0
0
0
0
0
0
0
0
0
0
0
0
0
0
0
0
0
0
0
0
0
0
0
0
0
0
0
0
0
0
0
0
0
0
0
0
0
0
0
0
0
0
0
0
0
0
0
0
0
0
0
0
0
0
0
0
0
0
0
0
0
0
0
0
0
0
0
0
0
0
0
0
0
0
0
0
0
0
0
0
0
0
0
0
0
0
0
0
0
0
0
0
0
0
0
0
0
0
0
0
0
0
0
0
0
0
0
0
0
0
0
0
continue
38 1 199
0.00346973
0.00579077
0.00812919
0.0104945
0.0128964
0.0153446
0.0178491
0.0204198
0.0230671
0.0258015
0.0286338
0.0315748
0.0346359
0.0378284
0.0411642
0.0446549
0.0483128
0.0521498
0.0561782
0.0604098
0.0648567
0.0695303
0.0744415
0.0796007
0.0850171
0.0906991
0.0966532
0.102885
0.109396
0.116188
0.123258
0.130601
0.138208
0.146068
0.154165
0.162479
0.17099
0.179671
0.188499
0.197447
0.206494
0.215627
0.224847
0.23418
0.243693
0.253526
0.263941
0.275437
0.289011
0.306956
0.336553
0
0
0
0
0
0
0
0
0
0
0
0
0
0
0
0
0
0
0
0
0
0
0
0
0
0
0
0
0
0
0
0
0
0
0
0
0
0
0
0
0
0
0
0
0
0
0
0
0
0
0
0
0
0
0
0
0
0
0
0
0
0
0
0
0
0
0
0
0
0
0
0
0
0
0
0
0
0
0
0
0
0
0
0
0
0
0
0
0
0
0
0
0
0
0
0
0
0
0
0
0
0
0
0
0
0
0
0
0
0
0
0
0
0
0
0
0
0
0
0
0
0
0
0
0
0
0
0
0
0
0
0
0
0
0
0
0
0
0
0
0
0
0
0
0
0
0
0
continue
39 1 199
0.00385211
0.00642975
0.00902851
0.01166
0.014336
0.0170686
0.01987
0.0227527
0.0257298
0.0288147
0.0320211
0.0353636
0.038857
0.0425168
0.0463592
0.0504009
0.0546593
0.0591524
0.0638988
0.0689175
0.0742281
0.0798505
0.085805
0.0921117
0.0987908
0.105862
0.113344
0.121256
0.129614
0.138434
0.147729
0.157509
0.167782
0.178553
0.189823
0.201591
0.21385
0.226594
0.239813
0.253499
0.26765
0.282272
0.297392
0.313073
0.329435
0.346699
0.365271
0.385903
0.410093
0.441266
0.490266
0
0
0
0
0
0
0
0
0
0
0
0
0
0
0
0
0
0
0
0
0
0
0
0
0
0
0
0
0
0
0
0
0
0
0
0
0
0
0
0
0
0
0
0
0
0
0
0
0
0
0
0
0
0
0
0
0
0
0
0
0
0
0
0
0
0
0
0
0
0
0
0
0
0
0
0
0
0
0
0
0
0
0
0
0
0
0
0
0
0
0
0
0
0
0
0
0
0
0
0
0
0
0
0
0
0
0
0
0
0
0
0
0
0
0
0
0
0
0
0
0
0
0
0
0
0
0
0
0
0
0
0
0
0
0
0
0
0
0
0
0
0
0
0
0
0
0
0
continue
40 1 199
0.00418547
0.00698691
0.00981288
0.0126769
0.0155928
0.0185747
0.021637
0.0247946
0.0280631
0.0314587
0.0349983
0.0386995
0.0425811
0.0466626
0.0509646
0.0555091
0.0603189
0.0654183
0.0708329
0.0765896
0.0827166
0.0892434
0.096201
0.103621
0.111538
0.119984
0.128996
0.138609
0.148859
0.159781
0.171411
0.183784
0.196934
0.210893
0.225691
0.241358
0.25792
0.275406
0.293841
0.313258
0.333697
0.355213
0.37789
0.401861
0.427341
0.454689
0.484524
0.517957
0.557164
0.607076
0.683158
0
0
0
0
0
0
0
0
0
0
0
0
0
0
0
0
0
0
0
0
0
0
0
0
0
0
0
0
0
0
0
0
0
0
0
0
0
0
0
0
0
0
0
0
0
0
0
0
0
0
0
0
0
0
0
0
0
0
0
0
0
0
0
0
0
0
0
0
0
0
0
0
0
0
0
0
0
0
0
0
0
0
0
0
0
0
0
0
0
0
0
0
0
0
0
0
0
0
0
0
0
0
0
0
0
0
0
0
0
0
0
0
0
0
0
0
0
0
0
0
0
0
0
0
0
0
0
0
0
0
0
0
0
0
0
0
0
0
0
0
0
0
0
0
0
0
0
0
continue
41 1 199
0.0044681
0.00745929
0.010478
0.0135394
0.016659
0.0198527
0.0231369
0.0265288
0.030046
0.0337073
0.0375323
0.0415419
0.045758
0.0502042
0.0549053
0.0598881
0.065181
0.0708144
0.0768209
0.0832352
0.0900945
0.0974385
0.105309
0.113752
0.122814
0.132546
0.143001
0.154235
0.166308
0.179279
0.193213
0.208177
0.224237
0.241465
0.259933
0.279715
0.300888
0.323535
0.347743
0.37361
0.401248
0.430799
0.462443
0.496433
0.533137
0.573122
0.617308
0.667299
0.726155
0.800705
0.91212
0
0
0
0
0
0
0
0
0
0
0
0
0
0
0
0
0
0
0
0
0
0
0
0
0
0
0
0
0
0
0
0
0
0
0
0
0
0
0
0
0
0
0
0
0
0
0
0
0
0
0
0
0
0
0
0
0
0
0
0
0
0
0
0
0
0
0
0
0
0
0
0
0
0
0
0
0
0
0
0
0
0
0
0
0
0
0
0
0
0
0
0
0
0
0
0
0
0
0
0
0
0
0
0
0
0
0
0
0
0
0
0
0
0
0
0
0
0
0
0
0
0
0
0
0
0
0
0
0
0
0
0
0
0
0
0
0
0
0
0
0
0
0
0
0
0
0
0
continue
42 1 199
0.00470372
0.0078531
0.0110324
0.0142582
0.0175474
0.0209175
0.0243865
0.0279732
0.0316973
0.0355796
0.0396423
0.0439086
0.0484036
0.0531542
0.0581891
0.0635393
0.0692384
0.0753222
0.08183
0.0888037
0.0962892
0.104336
0.112997
0.12233
0.132397
0.143266
0.155008
0.167703
0.181432
0.196286
0.212359
0.229756
0.248583
0.268959
0.291007
0.314859
0.34066
0.368564
0.398741
0.431384
0.466713
0.50499
0.546543
0.591798
0.641343
0.696033
0.757201
0.827083
0.90984
1.01459
1.16917
0
0
0
0
0
0
0
0
0
0
0
0
0
0
0
0
0
0
0
0
0
0
0
0
0
0
0
0
0
0
0
0
0
0
0
0
0
0
0
0
0
0
0
0
0
0
0
0
0
0
0
0
0
0
0
0
0
0
0
0
0
0
0
0
0
0
0
0
0
0
0
0
0
0
0
0
0
0
0
0
0
0
0
0
0
0
0
0
0
0
0
0
0
0
0
0
0
0
0
0
0
0
0
0
0
0
0
0
0
0
0
0
0
0
0
0
0
0
0
0
0
0
0
0
0
0
0
0
0
0
0
0
0
0
0
0
0
0
0
0
0
0
0
0
0
0
0
0
continue
43 1 199
0.00489956
0.00818035
0.011493
0.0148551
0.0182847
0.0218006
0.0254218
0.0291688
0.0330628
0.0371262
0.041383
0.0458588
0.0505811
0.0555795
0.0608859
0.066535
0.0725645
0.0790152
0.0859318
0.0933629
0.101362
0.109986
0.1193
0.129372
0.140279
0.152103
0.164935
0.178875
0.194029
0.210516
0.228465
0.248016
0.269321
0.292548
0.317878
0.345512
0.375669
0.408593
0.444555
0.483864
0.526876
0.574013
0.625792
0.682868
0.746115
0.816764
0.896661
0.988819
1.0987
1.23803
1.44209
0
0
0
0
0
0
0
0
0
0
0
0
0
0
0
0
0
0
0
0
0
0
0
0
0
0
0
0
0
0
0
0
0
0
0
0
0
0
0
0
0
0
0
0
0
0
0
0
0
0
0
0
0
0
0
0
0
0
0
0
0
0
0
0
0
0
0
0
0
0
0
0
0
0
0
0
0
0
0
0
0
0
0
0
0
0
0
0
0
0
0
0
0
0
0
0
0
0
0
0
0
0
0
0
0
0
0
0
0
0
0
0
0
0
0
0
0
0
0
0
0
0
0
0
0
0
0
0
0
0
0
0
0
0
0
0
0
0
0
0
0
0
0
0
0
0
0
0
continue
44 1 199
0.00506421
0.00845542
0.0118799
0.0153562
0.0189031
0.0225402
0.0262878
0.0301671
0.0342007
0.0384123
0.0428274
0.0474731
0.0523789
0.0575766
0.0631006
0.0689884
0.075281
0.0820233
0.0892643
0.0970581
0.105464
0.114547
0.12438
0.135041
0.146619
0.15921
0.172921
0.18787
0.204188
0.22202
0.241524
0.262878
0.286277
0.311939
0.340106
0.371045
0.405059
0.442485
0.483707
0.529166
0.579372
0.634935
0.696592
0.765272
0.842193
0.929027
1.02823
1.1437
1.28236
1.45878
1.71604
0
0
0
0
0
0
0
0
0
0
0
0
0
0
0
0
0
0
0
0
0
0
0
0
0
0
0
0
0
0
0
0
0
0
0
0
0
0
0
0
0
0
0
0
0
0
0
0
0
0
0
0
0
0
0
0
0
0
0
0
0
0
0
0
0
0
0
0
0
0
0
0
0
0
0
0
0
0
0
0
0
0
0
0
0
0
0
0
0
0
0
0
0
0
0
0
0
0
0
0
0
0
0
0
0
0
0
0
0
0
0
0
0
0
0
0
0
0
0
0
0
0
0
0
0
0
0
0
0
0
0
0
0
0
0
0
0
0
0
0
0
0
0
0
0
0
0
0
continue
45 1 199
0.00520598
0.0086922
0.0122128
0.0157868
0.0194338
0.023174
0.0270285
0.0310192
0.0351695
0.0395042
0.0440498
0.0488347
0.0538898
0.0592484
0.0649469
0.0710249
0.0775259
0.0844977
0.0919929
0.100069
0.108791
0.11823
0.128464
0.13958
0.151676
0.164859
0.179251
0.194984
0.21221
0.231094
0.251825
0.274611
0.299686
0.327316
0.357795
0.391459
0.428687
0.469912
0.515631
0.566418
0.622948
0.686024
0.756626
0.835979
0.925676
1.02788
1.1457
1.28401
1.45127
1.66497
1.97596
0
0
0
0
0
0
0
0
0
0
0
0
0
0
0
0
0
0
0
0
0
0
0
0
0
0
0
0
0
0
0
0
0
0
0
0
0
0
0
0
0
0
0
0
0
0
0
0
0
0
0
0
0
0
0
0
0
0
0
0
0
0
0
0
0
0
0
0
0
0
0
0
0
0
0
0
0
0
0
0
0
0
0
0
0
0
0
0
0
0
0
0
0
0
0
0
0
0
0
0
0
0
0
0
0
0
0
0
0
0
0
0
0
0
0
0
0
0
0
0
0
0
0
0
0
0
0
0
0
0
0
0
0
0
0
0
0
0
0
0
0
0
0
0
0
0
0
0
continue
46 1 199
0.00533191
0.00890244
0.0125081
0.0161686
0.0199037
0.0237342
0.0276818
0.031769
0.0360197
0.0404595
0.0451156
0.0500174
0.0551968
0.0606881
0.066529
0.0727609
0.0794289
0.0865829
0.094278
0.102575
0.111542
0.121253
0.131793
0.143254
0.155741
0.169371
0.184273
0.200595
0.218502
0.238178
0.259833
0.283703
0.310055
0.339191
0.371456
0.407242
0.446999
0.491246
0.540582
0.59571
0.65746
0.726827
0.805027
0.893584
0.99447
1.11034
1.245
1.40427
1.59814
1.84697
2.20892
0
0
0
0
0
0
0
0
0
0
0
0
0
0
0
0
0
0
0
0
0
0
0
0
0
0
0
0
0
0
0
0
0
0
0
0
0
0
0
0
0
0
0
0
0
0
0
0
0
0
0
0
0
0
0
0
0
0
0
0
0
0
0
0
0
0
0
0
0
0
0
0
0
0
0
0
0
0
0
0
0
0
0
0
0
0
0
0
0
0
0
0
0
0
0
0
0
0
0
0
0
0
0
0
0
0
0
0
0
0
0
0
0
0
0
0
0
0
0
0
0
0
0
0
0
0
0
0
0
0
0
0
0
0
0
0
0
0
0
0
0
0
0
0
0
0
0
0
continue
47 1 199
0.0054473
0.00909504
0.0127786
0.0165178
0.020333
0.0242454
0.0282768
0.0324504
0.0367905
0.0413232
0.0460762
0.0510796
0.0563659
0.0619703
0.0679314
0.0742915
0.0810971
0.0883994
0.0962553
0.104728
0.113886
0.12381
0.134584
0.146307
0.159089
0.173051
0.188331
0.205086
0.223491
0.243745
0.266072
0.290731
0.318012
0.348249
0.381825
0.419179
0.460818
0.507333
0.559412
0.617868
0.683668
0.75798
0.842235
0.938234
1.0483
1.17557
1.32447
1.50175
1.71884
1.99869
2.40598
0
0
0
0
0
0
0
0
0
0
0
0
0
0
0
0
0
0
0
0
0
0
0
0
0
0
0
0
0
0
0
0
0
0
0
0
0
0
0
0
0
0
0
0
0
0
0
0
0
0
0
0
0
0
0
0
0
0
0
0
0
0
0
0
0
0
0
0
0
0
0
0
0
0
0
0
0
0
0
0
0
0
0
0
0
0
0
0
0
0
0
0
0
0
0
0
0
0
0
0
0
0
0
0
0
0
0
0
0
0
0
0
0
0
0
0
0
0
0
0
0
0
0
0
0
0
0
0
0
0
0
0
0
0
0
0
0
0
0
0
0
0
0
0
0
0
0
0
continue
48 1 199
0.00555584
0.00927617
0.0130328
0.0168458
0.020736
0.0247246
0.0288339
0.0330873
0.0375096
0.0421272
0.0469682
0.052063
0.0574448
0.0631493
0.0692156
0.0756869
0.0826104
0.0900383
0.0980285
0.106645
0.11596
0.126052
0.137012
0.148939
0.161945
0.176157
0.191719
0.208791
0.227557
0.248225
0.271032
0.296249
0.324185
0.355196
0.389693
0.428149
0.471118
0.519244
0.573285
0.634144
0.702897
0.780856
0.869636
0.971271
1.0884
1.22455
1.38473
1.57649
1.81251
2.118
2.56308
0
0
0
0
0
0
0
0
0
0
0
0
0
0
0
0
0
0
0
0
0
0
0
0
0
0
0
0
0
0
0
0
0
0
0
0
0
0
0
0
0
0
0
0
0
0
0
0
0
0
0
0
0
0
0
0
0
0
0
0
0
0
0
0
0
0
0
0
0
0
0
0
0
0
0
0
0
0
0
0
0
0
0
0
0
0
0
0
0
0
0
0
0
0
0
0
0
0
0
0
0
0
0
0
0
0
0
0
0
0
0
0
0
0
0
0
0
0
0
0
0
0
0
0
0
0
0
0
0
0
0
0
0
0
0
0
0
0
0
0
0
0
0
0
0
0
0
0
continue
49 1 199
0.00565988
0.00944975
0.0132763
0.01716
0.0211216
0.0251828
0.0293661
0.0336952
0.038195
0.0428922
0.0478154
0.0529952
0.0584651
0.0642613
0.0704234
0.0769948
0.0840235
0.0915621
0.0996694
0.10841
0.117857
0.128091
0.139203
0.151293
0.164478
0.178886
0.194662
0.211972
0.231004
0.251971
0.275119
0.300726
0.329115
0.360656
0.395778
0.43498
0.478845
0.528057
0.583425
0.645916
0.716692
0.797171
0.889111
0.994731
1.11691
1.25953
1.42803
1.63064
1.88108
2.20632
2.68078
0
0
0
0
0
0
0
0
0
0
0
0
0
0
0
0
0
0
0
0
0
0
0
0
0
0
0
0
0
0
0
0
0
0
0
0
0
0
0
0
0
0
0
0
0
0
0
0
0
0
0
0
0
0
0
0
0
0
0
0
0
0
0
0
0
0
0
0
0
0
0
0
0
0
0
0
0
0
0
0
0
0
0
0
0
0
0
0
0
0
0
0
0
0
0
0
0
0
0
0
0
0
0
0
0
0
0
0
0
0
0
0
0
0
0
0
0
0
0
0
0
0
0
0
0
0
0
0
0
0
0
0
0
0
0
0
0
0
0
0
0
0
0
0
0
0
0
0
continue
50 1 199
0.00576081
0.00961813
0.0135125
0.0174646
0.0214953
0.0256267
0.0298814
0.0342832
0.0388574
0.0436309
0.0486324
0.053893
0.0594463
0.0653288
0.0715805
0.078245
0.0853707
0.0930107
0.101224
0.110076
0.119641
0.129998
0.141241
0.153471
0.166804
0.181371
0.197318
0.214814
0.234049
0.25524
0.278635
0.30452
0.333224
0.365125
0.400664
0.440355
0.484801
0.534712
0.590929
0.654463
0.726535
0.808637
0.902629
1.01086
1.13641
1.28337
1.45756
1.66771
1.92829
2.26764
2.76325
0
0
0
0
0
0
0
0
0
0
0
0
0
0
0
0
0
0
0
0
0
0
0
0
0
0
0
0
0
0
0
0
0
0
0
0
0
0
0
0
0
0
0
0
0
0
0
0
0
0
0
0
0
0
0
0
0
0
0
0
0
0
0
0
0
0
0
0
0
0
0
0
0
0
0
0
0
0
0
0
0
0
0
0
0
0
0
0
0
0
0
0
0
0
0
0
0
0
0
0
0
0
0
0
0
0
0
0
0
0
0
0
0
0
0
0
0
0
0
0
0
0
0
0
0
0
0
0
0
0
0
0
0
0
0
0
0
0
0
0
0
0
0
0
0
0
0
0
continue
51 1 199
0.0058594
0.0097826
0.0137432
0.017762
0.0218602
0.0260599
0.030384
0.0348565
0.0395029
0.0443503
0.0494276
0.0547661
0.0603996
0.0663648
0.0727019
0.079455
0.0866724
0.0944078
0.10272
0.111676
0.121348
0.131818
0.143179
0.155532
0.168995
0.183699
0.199791
0.217441
0.236839
0.258205
0.281789
0.307879
0.336807
0.368957
0.404776
0.444786
0.4896
0.539943
0.596676
0.660836
0.733678
0.816745
0.911958
1.02176
1.14934
1.29897
1.4767
1.69161
1.9587
2.30724
2.81673
0
0
0
0
0
0
0
0
0
0
0
0
0
0
0
0
0
0
0
0
0
0
0
0
0
0
0
0
0
0
0
0
0
0
0
0
0
0
0
0
0
0
0
0
0
0
0
0
0
0
0
0
0
0
0
0
0
0
0
0
0
0
0
0
0
0
0
0
0
0
0
0
0
0
0
0
0
0
0
0
0
0
0
0
0
0
0
0
0
0
0
0
0
0
0
0
0
0
0
0
0
0
0
0
0
0
0
0
0
0
0
0
0
0
0
0
0
0
0
0
0
0
0
0
0
0
0
0
0
0
0
0
0
0
0
0
0
0
0
0
0
0
0
0
0
0
0
0
continue
52 1 199
0.00595606
0.00994385
0.0139694
0.0180535
0.0222178
0.0264844
0.0308764
0.035418
0.0401349
0.0450543
0.0502054
0.0556195
0.0613308
0.0673761
0.0737959
0.0806342
0.0879398
0.0957664
0.104173
0.113227
0.123001
0.133576
0.145046
0.157514
0.171096
0.185922
0.202143
0.219926
0.239464
0.260975
0.284712
0.310962
0.34006
0.372391
0.408404
0.448624
0.49367
0.544273
0.601305
0.665814
0.739074
0.822654
0.918512
1.02914
1.15779
1.30886
1.48852
1.70606
1.97683
2.33063
2.84811
0
0
0
0
0
0
0
0
0
0
0
0
0
0
0
0
0
0
0
0
0
0
0
0
0
0
0
0
0
0
0
0
0
0
0
0
0
0
0
0
0
0
0
0
0
0
0
0
0
0
0
0
0
0
0
0
0
0
0
0
0
0
0
0
0
0
0
0
0
0
0
0
0
0
0
0
0
0
0
0
0
0
0
0
0
0
0
0
0
0
0
0
0
0
0
0
0
0
0
0
0
0
0
0
0
0
0
0
0
0
0
0
0
0
0
0
0
0
0
0
0
0
0
0
0
0
0
0
0
0
0
0
0
0
0
0
0
0
0
0
0
0
0
0
0
0
0
0
continue
53 1 199
0.006051
0.0101022
0.0141914
0.0183398
0.0225689
0.0269011
0.0313597
0.0359691
0.0407549
0.0457448
0.050968
0.056456
0.0622432
0.0683665
0.0748666
0.0817877
0.0891787
0.0970935
0.105592
0.114739
0.12461
0.135287
0.146861
0.159436
0.173128
0.18807
0.204408
0.222312
0.241975
0.263614
0.287481
0.313866
0.3431
0.37557
0.411726
0.452092
0.497288
0.548047
0.605242
0.669928
0.743385
0.82719
0.923317
1.03428
1.16337
1.31502
1.49548
1.71415
1.98655
2.34273
2.86381
0
0
0
0
0
0
0
0
0
0
0
0
0
0
0
0
0
0
0
0
0
0
0
0
0
0
0
0
0
0
0
0
0
0
0
0
0
0
0
0
0
0
0
0
0
0
0
0
0
0
0
0
0
0
0
0
0
0
0
0
0
0
0
0
0
0
0
0
0
0
0
0
0
0
0
0
0
0
0
0
0
0
0
0
0
0
0
0
0
0
0
0
0
0
0
0
0
0
0
0
0
0
0
0
0
0
0
0
0
0
0
0
0
0
0
0
0
0
0
0
0
0
0
0
0
0
0
0
0
0
0
0
0
0
0
0
0
0
0
0
0
0
0
0
0
0
0
0
continue
54 1 199
0.00614431
0.0102579
0.0144097
0.0186212
0.022914
0.0273106
0.0318345
0.0365103
0.0413638
0.0464228
0.0517165
0.057277
0.0631383
0.0693378
0.0759163
0.0829181
0.0903922
0.0983927
0.106979
0.116218
0.126183
0.136956
0.14863
0.161308
0.175106
0.190156
0.206605
0.224623
0.2444
0.266156
0.290141
0.316643
0.345994
0.37858
0.414847
0.455322
0.50062
0.551473
0.608754
0.673515
0.747036
0.830893
0.927061
1.03806
1.16718
1.31888
1.49942
1.71823
1.99087
2.34745
2.86909
0
0
0
0
0
0
0
0
0
0
0
0
0
0
0
0
0
0
0
0
0
0
0
0
0
0
0
0
0
0
0
0
0
0
0
0
0
0
0
0
0
0
0
0
0
0
0
0
0
0
0
0
0
0
0
0
0
0
0
0
0
0
0
0
0
0
0
0
0
0
0
0
0
0
0
0
0
0
0
0
0
0
0
0
0
0
0
0
0
0
0
0
0
0
0
0
0
0
0
0
0
0
0
0
0
0
0
0
0
0
0
0
0
0
0
0
0
0
0
0
0
0
0
0
0
0
0
0
0
0
0
0
0
0
0
0
0
0
0
0
0
0
0
0
0
0
0
0
continue
55 1 199
0.00623605
0.0104109
0.0146243
0.0188978
0.0232531
0.0277131
0.0323012
0.0370422
0.0419621
0.0470887
0.0524517
0.058083
0.0640169
0.070291
0.076946
0.0840266
0.0915818
0.0996658
0.108338
0.117666
0.127722
0.138589
0.15036
0.163136
0.177036
0.192189
0.208744
0.226869
0.246755
0.26862
0.292714
0.319323
0.348779
0.381465
0.417827
0.458387
0.503759
0.554672
0.611995
0.676774
0.750283
0.834093
0.930173
1.04103
1.16995
1.32137
1.50155
1.7199
1.99192
2.34766
2.86791
0
0
0
0
0
0
0
0
0
0
0
0
0
0
0
0
0
0
0
0
0
0
0
0
0
0
0
0
0
0
0
0
0
0
0
0
0
0
0
0
0
0
0
0
0
0
0
0
0
0
0
0
0
0
0
0
0
0
0
0
0
0
0
0
0
0
0
0
0
0
0
0
0
0
0
0
0
0
0
0
0
0
0
0
0
0
0
0
0
0
0
0
0
0
0
0
0
0
0
0
0
0
0
0
0
0
0
0
0
0
0
0
0
0
0
0
0
0
0
0
0
0
0
0
0
0
0
0
0
0
0
0
0
0
0
0
0
0
0
0
0
0
0
0
0
0
0
0
continue
56 1 199
0.00632626
0.0105614
0.0148353
0.0191697
0.0235866
0.0281087
0.0327598
0.0375648
0.0425499
0.047743
0.0531739
0.0588745
0.0648796
0.0712266
0.0779565
0.085114
0.0927484
0.100914
0.10967
0.119084
0.129228
0.140187
0.152051
0.164923
0.178921
0.194174
0.210831
0.229058
0.249048
0.271016
0.295212
0.321921
0.351473
0.38425
0.420694
0.461327
0.506757
0.55771
0.615048
0.679812
0.753269
0.836979
0.932898
1.04352
1.17211
1.32308
1.50265
1.72018
1.9911
2.34525
2.86294
0
0
0
0
0
0
0
0
0
0
0
0
0
0
0
0
0
0
0
0
0
0
0
0
0
0
0
0
0
0
0
0
0
0
0
0
0
0
0
0
0
0
0
0
0
0
0
0
0
0
0
0
0
0
0
0
0
0
0
0
0
0
0
0
0
0
0
0
0
0
0
0
0
0
0
0
0
0
0
0
0
0
0
0
0
0
0
0
0
0
0
0
0
0
0
0
0
0
0
0
0
0
0
0
0
0
0
0
0
0
0
0
0
0
0
0
0
0
0
0
0
0
0
0
0
0
0
0
0
0
0
0
0
0
0
0
0
0
0
0
0
0
0
0
0
0
0
0
continue
57 1 199
0.00641497
0.0107093
0.0150428
0.0194371
0.0239143
0.0284976
0.0332107
0.0380785
0.0431276
0.0483859
0.0538833
0.059652
0.0657267
0.0721451
0.0789482
0.0861809
0.0938926
0.102137
0.110975
0.120473
0.130704
0.141751
0.153705
0.166671
0.180763
0.196112
0.212867
0.231193
0.251281
0.273348
0.297641
0.324444
0.354086
0.386946
0.423466
0.464161
0.509639
0.560618
0.617957
0.682689
0.75607
0.839651
0.935372
1.04571
1.1739
1.32432
1.50316
1.71969
1.98923
2.34141
2.85591
0
0
0
0
0
0
0
0
0
0
0
0
0
0
0
0
0
0
0
0
0
0
0
0
0
0
0
0
0
0
0
0
0
0
0
0
0
0
0
0
0
0
0
0
0
0
0
0
0
0
0
0
0
0
0
0
0
0
0
0
0
0
0
0
0
0
0
0
0
0
0
0
0
0
0
0
0
0
0
0
0
0
0
0
0
0
0
0
0
0
0
0
0
0
0
0
0
0
0
0
0
0
0
0
0
0
0
0
0
0
0
0
0
0
0
0
0
0
0
0
0
0
0
0
0
0
0
0
0
0
0
0
0
0
0
0
0
0
0
0
0
0
0
0
0
0
0
0
continue
58 1 199
0.00650218
0.0108548
0.0152468
0.0196999
0.0242366
0.0288799
0.0336538
0.0385834
0.0436952
0.0490174
0.0545801
0.0604154
0.0665584
0.0730467
0.0799214
0.0872277
0.0950148
0.103337
0.112255
0.121834
0.132149
0.143282
0.155324
0.16838
0.182564
0.198006
0.214855
0.233276
0.253459
0.27562
0.300005
0.326897
0.356624
0.389561
0.426149
0.4669
0.512418
0.563416
0.620746
0.685434
0.758727
0.842162
0.937665
1.04769
1.17545
1.32529
1.50332
1.71877
1.9868
2.33681
2.84781
0
0
0
0
0
0
0
0
0
0
0
0
0
0
0
0
0
0
0
0
0
0
0
0
0
0
0
0
0
0
0
0
0
0
0
0
0
0
0
0
0
0
0
0
0
0
0
0
0
0
0
0
0
0
0
0
0
0
0
0
0
0
0
0
0
0
0
0
0
0
0
0
0
0
0
0
0
0
0
0
0
0
0
0
0
0
0
0
0
0
0
0
0
0
0
0
0
0
0
0
0
0
0
0
0
0
0
0
0
0
0
0
0
0
0
0
0
0
0
0
0
0
0
0
0
0
0
0
0
0
0
0
0
0
0
0
0
0
0
0
0
0
0
0
0
0
0
0
continue
59 1 199
0.00658793
0.0109978
0.0154473
0.0199583
0.0245534
0.0292557
0.0340893
0.0390795
0.044253
0.0496379
0.0552645
0.0611653
0.067375
0.0739317
0.0808766
0.0882547
0.0961156
0.104514
0.113509
0.123168
0.133564
0.14478
0.156909
0.170051
0.184324
0.199856
0.216796
0.235308
0.255582
0.277833
0.302306
0.329283
0.359089
0.392099
0.428749
0.46955
0.515101
0.566111
0.623425
0.688061
0.761257
0.844538
0.939812
1.04951
1.17683
1.32605
1.50327
1.71759
1.98407
2.33183
2.8392
0
0
0
0
0
0
0
0
0
0
0
0
0
0
0
0
0
0
0
0
0
0
0
0
0
0
0
0
0
0
0
0
0
0
0
0
0
0
0
0
0
0
0
0
0
0
0
0
0
0
0
0
0
0
0
0
0
0
0
0
0
0
0
0
0
0
0
0
0
0
0
0
0
0
0
0
0
0
0
0
0
0
0
0
0
0
0
0
0
0
0
0
0
0
0
0
0
0
0
0
0
0
0
0
0
0
0
0
0
0
0
0
0
0
0
0
0
0
0
0
0
0
0
0
0
0
0
0
0
0
0
0
0
0
0
0
0
0
0
0
0
0
0
0
0
0
0
0
continue
60 1 199
0.00667224
0.0111384
0.0156444
0.0202124
0.0248648
0.029625
0.0345173
0.0395671
0.044801
0.0502475
0.0559369
0.0619016
0.0681768
0.0748005
0.081814
0.0892624
0.0971953
0.105667
0.114738
0.124474
0.13495
0.146248
0.158459
0.171686
0.186045
0.201664
0.218691
0.237292
0.257653
0.27999
0.304547
0.331604
0.361484
0.394562
0.43127
0.472116
0.517695
0.56871
0.626002
0.690581
0.763673
0.846793
0.941831
1.0512
1.17806
1.32667
1.50305
1.71624
1.98115
2.32664
2.83035
0
0
0
0
0
0
0
0
0
0
0
0
0
0
0
0
0
0
0
0
0
0
0
0
0
0
0
0
0
0
0
0
0
0
0
0
0
0
0
0
0
0
0
0
0
0
0
0
0
0
0
0
0
0
0
0
0
0
0
0
0
0
0
0
0
0
0
0
0
0
0
0
0
0
0
0
0
0
0
0
0
0
0
0
0
0
0
0
0
0
0
0
0
0
0
0
0
0
0
0
0
0
0
0
0
0
0
0
0
0
0
0
0
0
0
0
0
0
0
0
0
0
0
0
0
0
0
0
0
0
0
0
0
0
0
0
0
0
0
0
0
0
0
0
0
0
0
0
finished
