// Z A Bf
84	210	18.163265
84	211	17.109884
84	212	16.234994
84	213	15.581884
84	214	14.614399
84	215	13.65098
84	216	12.760215
84	217	12.113345
84	218	11.497737
84	219	11.062579
84	220	10.794467
84	221	10.438448
84	222	10.379553
84	223	10.14551
85	211	16.651076
85	212	15.615732
85	213	14.750987
85	214	14.088697
85	215	13.559145
85	216	12.9128
85	217	12.20884
85	218	11.734913
85	219	11.17986
85	220	10.707424
85	221	10.436715
85	222	10.091182
85	223	9.933627
85	224	9.762483
85	225	9.726267
85	226	9.653319
86	212	15.246577
86	213	14.21918
86	214	13.35543
86	215	12.676693
86	216	12.13723
86	217	11.752116
86	218	11.417247
86	219	11.266891
86	220	10.798299
86	221	10.261609
86	222	10.04713
86	223	9.748344
86	224	9.500981
86	225	9.385078
86	226	9.259837
86	227	9.262693
86	228	9.224528
86	229	9.240321
86	240	9.864763
86	243	10.04088
86	244	10.160589
86	245	10.509404
86	246	10.997523
86	247	11.517729
86	248	12.113049
87	213	13.888897
87	214	12.882034
87	215	12.02967
87	216	11.337987
87	217	10.799254
87	218	10.413694
87	219	10.305641
87	220	10.222071
87	221	10.357984
87	222	9.816995
87	223	9.613342
87	224	9.384196
87	225	9.039817
87	226	9.020507
87	227	8.786971
87	228	8.86046
87	229	8.737998
87	230	8.820432
87	231	8.875635
87	232	8.88335
87	233	8.918143
87	234	9.065364
87	235	9.05339
87	236	9.014717
87	237	9.100002
87	238	9.189473
87	239	9.190948
87	240	9.221804
87	241	9.284967
87	242	9.248572
87	243	9.353132
87	244	9.349345
87	245	9.475316
87	246	9.722233
87	247	10.146176
87	248	10.564647
87	249	11.09198
87	250	11.762151
87	251	12.647498
88	214	12.618464
88	215	11.620223
88	216	10.75876
88	217	10.055787
88	218	9.51067
88	219	9.143225
88	220	9.034019
88	221	9.084556
88	222	9.175758
88	223	9.388554
88	224	9.114188
88	225	8.955705
88	226	8.573901
88	227	8.611301
88	228	8.353594
88	229	8.422289
88	230	8.26829
88	231	8.400911
88	232	8.427706
88	233	8.436085
88	234	8.568359
88	235	8.61783
88	236	8.601228
88	237	8.581845
88	238	8.671272
88	239	8.708903
88	240	8.669421
88	241	8.702526
88	242	8.711267
88	243	8.691168
88	244	8.750297
88	245	8.708967
88	246	8.817325
88	247	8.909781
88	248	9.293714
88	249	9.711456
88	250	10.183178
88	251	10.812897
88	252	11.712192
88	253	12.045216
89	215	11.389536
89	216	10.39939
89	217	9.521553
89	218	8.82725
89	219	8.289531
89	220	7.929821
89	221	7.822085
89	222	7.88042
89	223	7.984969
89	224	8.177077
89	225	8.377052
89	226	8.48418
89	227	8.153692
89	228	8.089532
89	229	7.975876
89	230	7.988842
89	231	7.8233
89	232	7.964628
89	233	7.986058
89	234	8.012038
89	235	8.130547
89	236	8.155674
89	237	8.154033
89	238	8.179327
89	239	8.264682
89	240	8.255773
89	241	8.179268
89	242	8.212995
89	243	8.191625
89	244	8.177674
89	245	8.200091
89	246	8.126712
89	247	8.180616
89	248	8.154294
89	249	8.413085
89	250	8.828609
89	251	9.247895
89	252	9.919359
89	253	10.83237
89	254	11.154454
89	255	11.528866
90	216	10.227414
90	217	9.235768
90	218	8.346923
90	219	7.660012
90	220	7.123801
90	221	6.787152
90	222	6.679575
90	223	6.74965
90	224	6.851048
90	225	7.118831
90	226	7.318466
90	227	7.482357
90	228	7.655524
90	229	7.598126
90	230	7.533782
90	231	7.519226
90	232	7.417139
90	233	7.54184
90	234	7.555998
90	235	7.579307
90	236	7.702321
90	237	7.690402
90	238	7.739894
90	239	7.794695
90	240	7.878338
90	241	7.831429
90	242	7.745358
90	243	7.755604
90	244	7.711058
90	245	7.711559
90	246	7.688724
90	247	7.616735
90	248	7.618383
90	249	7.548322
90	250	7.544375
90	251	7.932077
90	252	8.397764
90	253	9.094197
90	254	10.008867
90	255	10.270844
90	256	10.703191
90	257	11.022059
91	217	9.118939
91	218	8.114926
91	219	7.253973
91	220	6.582689
91	221	6.053248
91	222	5.741068
91	223	5.61832
91	224	5.675982
91	225	5.799319
91	226	6.062875
91	227	6.271451
91	228	6.545047
91	229	6.755336
91	230	6.871665
91	231	7.088957
91	232	7.020639
91	233	7.002096
91	234	7.090752
91	235	7.118893
91	236	7.162024
91	237	7.258211
91	238	7.252344
91	239	7.334157
91	240	7.381784
91	241	7.435943
91	242	7.444761
91	243	7.352483
91	244	7.352006
91	245	7.260212
91	246	7.268422
91	247	7.206218
91	248	7.135846
91	249	7.099008
91	250	6.976918
91	251	6.935889
91	252	6.8819
91	253	7.572596
91	254	8.348581
91	255	9.256901
91	256	9.499103
91	257	9.929973
91	258	10.251276
91	295	14.558428
91	296	14.760894
91	297	14.876215
91	298	15.024659
91	299	15.04218
91	300	15.103902
91	301	15.149511
91	302	15.174989
91	303	15.236451
91	304	15.303271
92	218	8.081606
92	219	7.054276
92	220	6.244046
92	221	5.585787
92	222	5.050772
92	223	4.74905
92	224	4.644006
92	225	4.663891
92	226	4.805526
92	227	5.027144
92	228	5.222109
92	229	5.567687
92	230	5.914017
92	231	6.136188
92	232	6.313209
92	233	6.444025
92	234	6.553972
92	235	6.6253
92	236	6.603368
92	237	6.765912
92	238	6.814741
92	239	6.834205
92	240	6.93724
92	241	6.992122
92	242	7.033365
92	243	7.043097
92	244	6.993216
92	245	7.02485
92	246	6.90282
92	247	6.862484
92	248	6.763484
92	249	6.710394
92	250	6.617509
92	251	6.48032
92	252	6.377701
92	253	6.31878
92	254	6.67267
92	255	7.605755
92	256	8.588919
92	257	8.816562
92	258	9.05588
92	259	9.360905
92	260	9.699694
92	295	13.689671
92	296	13.923232
92	297	14.094653
92	298	14.282225
92	299	14.420607
92	300	14.508536
92	301	14.610904
92	302	14.658915
92	303	14.649158
92	304	14.696142
92	305	14.71748
93	219	6.913776
93	220	6.021198
93	221	5.275779
93	222	4.642996
93	223	4.156909
93	224	3.859397
93	225	3.758857
93	226	3.755802
93	227	3.88802
93	228	4.061921
93	229	4.260483
93	230	4.56188
93	231	4.905708
93	232	5.225689
93	233	5.529022
93	234	5.827353
93	235	6.029009
93	236	6.126614
93	237	6.196484
93	238	6.351931
93	239	6.370823
93	240	6.438337
93	241	6.569834
93	242	6.625018
93	243	6.664271
93	244	6.681105
93	245	6.66087
93	246	6.679424
93	247	6.613139
93	248	6.479335
93	249	6.342719
93	250	6.303834
93	251	6.18428
93	252	6.033477
93	253	5.85354
93	254	5.808888
93	255	5.669151
93	256	6.225168
93	257	7.213727
93	258	7.502637
93	259	7.836056
93	260	8.11382
93	261	8.43402
93	262	8.719731
93	296	13.144426
93	297	13.374043
93	298	13.549794
93	299	13.710786
93	300	13.867571
93	301	13.945384
93	302	14.070109
93	303	14.098537
93	304	14.112043
93	305	14.15915
93	306	14.151255
94	220	6.027897
94	221	4.979718
94	222	4.309736
94	223	3.80482
94	224	3.340843
94	225	3.107908
94	226	3.063613
94	227	3.082872
94	228	3.260491
94	229	3.387026
94	230	3.613386
94	231	3.847713
94	232	4.095795
94	233	4.381139
94	234	4.633031
94	235	4.936963
94	236	5.221558
94	237	5.496949
94	238	5.734652
94	239	5.916773
94	240	5.896559
94	241	6.061786
94	242	6.195338
94	243	6.223562
94	244	6.286951
94	245	6.286981
94	246	6.342378
94	247	6.337642
94	248	6.341358
94	249	6.161644
94	250	6.022352
94	251	5.913592
94	252	5.78034
94	253	5.65064
94	254	5.437138
94	255	5.340794
94	256	5.17403
94	257	5.022767
94	258	5.901413
94	259	6.189268
94	260	6.501633
94	261	6.946322
94	262	7.217935
94	263	7.536716
94	264	7.845062
94	296	12.284704
94	297	12.518563
94	298	12.7355
94	299	12.943545
94	300	13.143442
94	301	13.263675
94	302	13.363454
94	303	13.496629
94	304	13.545447
94	305	13.533431
94	306	13.588573
94	307	13.579565
94	308	13.612731
94	310	13.817884
95	221	5.322581
95	222	4.275675
95	223	3.452596
95	224	2.956722
95	225	2.678421
95	226	2.479051
95	227	2.425399
95	228	2.439412
95	229	2.649762
95	230	2.880956
95	231	3.131425
95	232	3.435215
95	233	3.680919
95	234	3.940953
95	235	4.181913
95	236	4.466077
95	237	4.810474
95	238	5.059099
95	239	5.393338
95	240	5.652882
95	241	5.795335
95	242	5.971309
95	243	6.095504
95	244	6.054523
95	245	6.002238
95	246	5.888161
95	247	5.964754
95	248	6.004981
95	249	5.986486
95	250	5.879963
95	251	5.737783
95	252	5.547872
95	253	5.404348
95	254	5.275009
95	255	5.048417
95	256	4.891823
95	257	4.707107
95	258	4.536592
95	259	4.690882
95	260	4.960175
95	261	5.272788
95	262	5.710108
95	263	6.150673
95	264	6.695385
95	265	7.047404
95	266	7.351999
95	267	7.700456
95	268	7.943357
95	269	8.227317
95	270	8.495264
95	297	11.775619
95	298	12.009293
95	299	12.234871
95	300	12.424242
95	301	12.60445
95	302	12.764536
95	303	12.891443
95	304	12.978739
95	305	13.013768
95	306	13.037194
95	307	13.042221
95	308	13.059799
95	309	13.097694
95	311	13.251618
96	222	4.82585
96	223	3.719242
96	224	2.833583
96	225	2.212443
96	226	1.914555
96	227	1.857765
96	228	1.832569
96	229	1.84886
96	230	2.094818
96	231	2.368834
96	232	2.640884
96	233	2.916511
96	234	3.204949
96	235	3.51982
96	236	3.781514
96	237	4.075748
96	238	4.405103
96	239	4.70797
96	240	5.059063
96	241	5.467276
96	242	5.77356
96	243	5.940658
96	244	6.142787
96	245	6.100149
96	246	6.065834
96	247	6.01279
96	248	5.931159
96	249	5.774412
96	250	5.63841
96	251	5.505378
96	252	5.377421
96	253	5.237356
96	254	5.047425
96	255	4.91643
96	256	4.659512
96	257	4.47505
96	258	4.272749
96	259	4.096446
96	260	3.953412
96	261	3.832592
96	262	4.212097
96	263	4.767973
96	264	5.243005
96	265	5.766634
96	266	6.223059
96	267	6.66565
96	268	7.05396
96	269	7.2886
96	270	7.542413
96	271	7.776511
96	272	7.936609
96	273	8.165013
96	274	8.280861
96	297	11.049442
96	298	11.260516
96	299	11.50037
96	300	11.721066
96	301	11.863948
96	302	12.06507
96	303	12.228713
96	304	12.315835
96	305	12.40194
96	306	12.465601
96	307	12.521871
96	308	12.527485
96	309	12.581806
96	310	12.634567
96	312	12.789523
97	223	4.74408
97	224	3.631811
97	225	2.685816
97	226	1.921054
97	227	1.288286
97	228	1.144958
97	229	1.237627
97	230	1.414401
97	231	1.714415
97	232	1.983478
97	233	2.230234
97	234	2.523214
97	235	2.80361
97	236	3.113471
97	237	3.452336
97	238	3.774494
97	239	4.11711
97	240	4.406126
97	241	4.809222
97	242	5.226553
97	243	5.583911
97	244	5.866458
97	245	6.030987
97	246	6.124894
97	247	6.119365
97	248	6.129271
97	249	6.082707
97	250	5.905011
97	251	5.743042
97	252	5.559408
97	253	5.252139
97	254	5.033131
97	255	4.81838
97	256	4.681359
97	257	4.450868
97	258	4.249337
97	259	4.023015
97	260	3.874381
97	261	3.730623
97	262	3.620365
97	263	3.70092
97	264	3.971711
97	265	4.447387
97	266	4.956802
97	267	5.437979
97	268	5.902586
97	269	6.303392
97	270	6.648938
97	271	6.929929
97	272	7.152829
97	273	7.272736
97	274	7.370459
97	275	7.586887
97	276	7.600818
97	277	7.788833
97	298	10.505992
97	299	10.727637
97	300	11.003962
97	301	11.217362
97	302	11.40624
97	303	11.537113
97	304	11.684005
97	305	11.759052
97	306	11.896632
97	307	11.942829
97	308	12.007283
97	309	12.046566
97	310	12.087585
97	311	12.126931
97	312	12.178247
97	313	12.287636
97	314	12.397541
98	224	4.76038
98	225	3.586809
98	226	2.624526
98	227	1.849778
98	228	1.21997
98	229	0.805938
98	230	0.685782
98	231	0.975069
98	232	1.256805
98	233	1.588317
98	234	1.903523
98	235	2.174615
98	236	2.482833
98	237	2.784968
98	238	3.103198
98	239	3.463345
98	240	3.787152
98	241	4.170363
98	242	4.599948
98	243	4.996603
98	244	5.355809
98	245	5.665298
98	246	5.895629
98	247	6.078784
98	248	6.21784
98	249	6.217817
98	250	6.175794
98	251	6.004042
98	252	5.83931
98	253	5.61906
98	254	5.358291
98	255	5.116678
98	256	4.93344
98	257	4.743718
98	258	4.494017
98	259	4.299943
98	260	4.076398
98	261	3.897875
98	262	3.669965
98	263	3.53141
98	264	3.543327
98	265	3.580875
98	266	3.788742
98	267	4.287854
98	268	4.754429
98	269	5.222361
98	270	5.604241
98	271	5.971339
98	272	6.240656
98	273	6.437188
98	274	6.675045
98	275	6.676944
98	276	6.862208
98	277	6.958772
98	278	7.067668
98	279	7.195508
98	280	7.349827
98	298	9.679549
98	299	9.938855
98	300	10.181147
98	301	10.455635
98	302	10.6545
98	303	10.830037
98	304	11.035887
98	305	11.212642
98	306	11.244653
98	307	11.395213
98	308	11.409479
98	309	11.476842
98	310	11.520201
98	311	11.562478
98	312	11.58791
98	313	11.663066
98	314	11.758683
98	315	11.86657
99	225	4.751992
99	226	3.596032
99	227	2.619724
99	228	1.816683
99	229	1.179132
99	230	0.353853
99	231	0.494014
99	232	0.65283
99	233	0.89416
99	234	1.191665
99	235	1.515604
99	236	1.856992
99	237	2.164872
99	238	2.47431
99	239	2.816431
99	240	3.165089
99	241	3.540748
99	242	3.977167
99	243	4.383521
99	244	4.781987
99	245	5.163255
99	246	5.53442
99	247	5.826356
99	248	6.082573
99	249	6.155934
99	250	6.240661
99	251	6.197712
99	252	6.047087
99	253	5.893891
99	254	5.678157
99	255	5.419177
99	256	5.175047
99	257	4.963101
99	258	4.751847
99	259	4.586239
99	260	4.345416
99	261	4.086824
99	262	3.884417
99	263	3.67608
99	264	3.468181
99	265	3.414641
99	266	3.346764
99	267	3.424524
99	268	3.677547
99	269	4.13318
99	270	4.602182
99	271	4.974167
99	272	5.357314
99	273	5.602181
99	274	5.810379
99	275	6.083573
99	276	6.125581
99	277	6.205702
99	278	6.339884
99	279	6.409192
99	280	6.556686
99	281	6.700533
99	282	6.684639
99	283	6.853675
99	299	9.166282
99	300	9.420247
99	301	9.648917
99	302	9.854411
99	303	10.087918
99	304	10.283763
99	305	10.486932
99	306	10.655772
99	307	10.743902
99	308	10.852741
99	309	10.895737
99	310	11.000694
99	311	10.969105
99	312	11.017558
99	313	11.066511
99	314	11.130753
99	315	11.210373
99	316	11.306088
99	317	11.402108
100	226	4.718474
100	227	3.588791
100	228	2.657872
100	229	1.834309
100	230	0.230433
100	231	0.279782
100	232	0.383746
100	233	0.517805
100	234	0.676804
100	235	0.841832
100	236	1.170872
100	237	1.496432
100	238	1.865999
100	239	2.233168
100	240	2.567924
100	241	2.919506
100	242	3.28553
100	243	3.688314
100	244	4.112572
100	245	4.559
100	246	4.937177
100	247	5.284707
100	248	5.587925
100	249	5.811578
100	250	5.992947
100	251	6.076029
100	252	6.031913
100	253	6.060328
100	254	5.897803
100	255	5.686114
100	256	5.442446
100	257	5.201239
100	258	4.963272
100	259	4.752698
100	260	4.600778
100	261	4.344138
100	262	4.137207
100	263	3.932082
100	264	3.688981
100	265	3.467655
100	266	3.285837
100	267	3.178656
100	268	3.21167
100	269	3.19773
100	270	3.579598
100	271	4.030649
100	272	4.402088
100	273	4.824606
100	274	5.040499
100	275	5.229759
100	276	5.499814
100	277	5.601266
100	278	5.629093
100	279	5.753949
100	280	5.826782
100	281	5.985329
100	282	6.124443
100	283	6.104113
100	284	6.255022
100	285	5.229663
100	286	4.512811
100	300	8.595888
100	301	8.82889
100	302	9.060912
100	303	9.333146
100	304	9.562044
100	305	9.685237
100	306	9.869645
100	307	10.035035
100	308	10.203241
100	309	10.304789
100	310	10.334124
100	311	10.454713
100	312	10.430396
100	313	10.471389
100	314	10.471817
100	315	10.542163
100	316	10.627466
100	317	10.72977
100	318	10.842963
101	227	4.618155
101	228	3.575293
101	229	2.670149
101	230	1.88834
101	231	0.187825
101	232	0.228225
101	233	0.276269
101	234	0.377496
101	235	0.541867
101	236	0.713551
101	237	0.918072
101	238	1.256017
101	239	1.586736
101	240	1.973575
101	241	2.365759
101	242	2.750997
101	243	3.106098
101	244	3.526349
101	245	3.972268
101	246	4.407309
101	247	4.78939
101	248	5.200786
101	249	5.50881
101	250	5.685691
101	251	5.81967
101	252	5.833611
101	253	5.897345
101	254	5.845216
101	255	5.756319
101	256	5.641501
101	257	5.413313
101	258	5.186245
101	259	4.925851
101	260	4.724998
101	261	4.589531
101	262	4.320685
101	263	4.192828
101	264	3.96123
101	265	3.761131
101	266	3.49575
101	267	3.26685
101	268	3.121272
101	269	3.002505
101	270	2.99598
101	271	3.141627
101	272	3.518814
101	273	3.892171
101	274	4.323998
101	275	4.53705
101	276	4.734336
101	277	5.002606
101	278	5.097225
101	279	5.128043
101	280	5.246847
101	281	5.332248
101	282	5.502567
101	283	5.639799
101	284	5.593119
101	285	5.724953
101	286	4.683439
101	287	4.006049
101	288	4.157486
101	300	7.62571
101	301	7.936846
101	302	8.181957
101	303	8.51876
101	304	8.787684
101	305	9.010762
101	306	9.140653
101	307	9.335635
101	308	9.442687
101	309	9.621315
101	310	9.688893
101	311	9.765498
101	312	9.865376
101	313	9.885431
101	314	9.92698
101	315	9.905744
101	316	9.969328
101	317	10.06156
101	318	10.169983
101	319	10.285236
102	228	4.610488
102	229	3.540886
102	230	2.689436
102	231	1.961908
102	232	0.119707
102	233	0.171614
102	234	0.224557
102	235	0.283756
102	236	0.398464
102	237	0.560167
102	238	0.763834
102	239	0.990602
102	240	1.311527
102	241	1.681596
102	242	2.062835
102	243	2.482336
102	244	2.920414
102	245	3.339415
102	246	3.772522
102	247	4.219788
102	248	4.620092
102	249	4.970599
102	250	5.234771
102	251	5.393992
102	252	5.549333
102	253	5.64725
102	254	5.64953
102	255	5.601831
102	256	5.602582
102	257	5.447455
102	258	5.317842
102	259	5.089851
102	260	4.89976
102	261	4.643503
102	262	4.531649
102	263	4.274084
102	264	4.113381
102	265	3.913328
102	266	3.75385
102	267	3.512469
102	268	3.288131
102	269	3.048608
102	270	2.899522
102	271	2.827224
102	272	2.819921
102	273	3.070353
102	274	3.439598
102	275	3.871509
102	276	4.07425
102	277	4.27972
102	278	4.549909
102	279	4.640883
102	280	4.69876
102	281	4.834118
102	282	4.945318
102	283	5.101139
102	284	5.221544
102	285	5.18294
102	286	5.32172
102	287	4.262616
102	288	3.601369
102	289	3.733231
102	290	3.818167
102	291	4.046945
102	300	6.65573
102	301	7.006978
102	302	7.312993
102	303	7.561991
102	304	7.901078
102	305	8.165346
102	306	8.394228
102	307	8.647368
102	308	8.84425
102	309	8.910286
102	310	9.066537
102	311	9.137222
102	312	9.243225
102	313	9.311774
102	314	9.312645
102	315	9.343659
102	316	9.395898
102	317	9.457032
102	318	9.51533
102	319	9.605374
102	320	9.711731
102	321	9.86079
103	229	4.615139
103	230	3.562374
103	231	2.719975
103	232	2.010681
103	233	0.050254
103	234	0.076607
103	235	0.131119
103	236	0.173652
103	237	0.266497
103	238	0.41691
103	239	0.605976
103	240	0.824646
103	241	1.075909
103	242	1.394898
103	243	1.777592
103	244	2.210606
103	245	2.640873
103	246	3.10696
103	247	3.544629
103	248	3.961624
103	249	4.299586
103	250	4.620426
103	251	4.888419
103	252	5.105122
103	253	5.27743
103	254	5.36065
103	255	5.358352
103	256	5.404917
103	257	5.318582
103	258	5.228759
103	259	5.158613
103	260	4.96532
103	261	4.787727
103	262	4.539092
103	263	4.419968
103	264	4.182601
103	265	4.012816
103	266	3.819108
103	267	3.662827
103	268	3.452361
103	269	3.279481
103	270	3.075263
103	271	2.893176
103	272	2.700693
103	273	2.57492
103	274	2.805613
103	275	3.053083
103	276	3.479548
103	277	3.692381
103	278	3.917391
103	279	4.189245
103	280	4.308761
103	281	4.389718
103	282	4.527336
103	283	4.6557
103	284	4.81004
103	285	4.922636
103	286	4.877641
103	287	5.011512
103	288	3.969169
103	289	3.292683
103	290	3.337308
103	291	3.4002
103	292	3.598262
103	293	3.800793
103	294	3.96435
103	300	5.76665
103	301	6.045973
103	302	6.415245
103	303	6.723867
103	304	6.975237
103	304	6.975237
103	305	7.319856
103	305	7.319856
103	306	7.570985
103	306	7.570985
103	307	7.784613
103	307	7.784613
103	308	8.068457
103	308	8.068457
103	309	8.245693
103	309	8.245693
103	310	8.380175
103	310	8.380175
103	311	8.54533
103	311	8.54533
103	312	8.632206
103	312	8.632206
103	313	8.697853
103	313	8.697853
103	314	8.785063
103	314	8.785063
103	315	8.777848
103	315	8.777848
103	316	8.812796
103	316	8.812796
103	317	8.834951
103	317	8.834951
103	318	8.914192
103	318	8.914192
103	319	9.010674
103	319	9.010674
103	320	9.059295
103	320	9.059295
103	321	9.178234
103	321	9.178234
103	322	9.309141
103	322	9.309141
103	323	9.478356
103	323	9.478356
104	230	4.647651
104	231	3.615965
104	232	2.810427
104	233	2.076443
104	234	1.409477
104	235	0.001568
104	236	0.02164
104	237	0.073525
104	238	0.152346
104	239	0.271038
104	240	0.442798
104	241	0.669859
104	242	0.913706
104	243	1.231016
104	244	1.604928
104	245	2.00762
104	246	2.434088
104	247	2.867486
104	248	3.27321
104	249	3.654621
104	250	3.97641
104	251	4.271012
104	252	4.50045
104	253	4.676327
104	254	4.842699
104	255	4.994655
104	256	5.116935
104	257	5.111257
104	258	5.057179
104	259	4.988332
104	260	4.892275
104	261	4.776887
104	262	4.600795
104	263	4.417701
104	264	4.295647
104	265	4.089348
104	266	3.885283
104	267	3.703723
104	268	3.540729
104	269	3.316976
104	270	3.176036
104	271	2.984326
104	272	2.895562
104	273	2.6972
104	274	2.533881
104	275	2.632992
104	276	2.823446
104	277	3.205143
104	278	3.430719
104	279	3.656671
104	280	3.952336
104	281	4.073403
104	282	4.150556
104	283	4.284573
104	284	4.443367
104	285	4.591788
104	286	4.6975
104	287	4.653926
104	288	4.770248
104	289	3.731076
104	290	2.983964
104	291	2.97563
104	292	3.05038
104	293	3.162085
104	294	3.37974
104	295	3.52499
104	296	3.740058
104	297	3.971131
104	298	4.243294
104	299	4.527656
104	300	4.807487
104	301	5.148305
104	302	5.476933
104	303	5.829309
104	304	6.142067
104	305	6.400367
104	306	6.737482
104	307	6.997145
104	308	7.196906
104	309	7.472605
104	310	7.657495
104	311	7.829287
104	312	7.977192
104	313	8.146266
104	314	8.21645
104	315	8.296276
104	316	8.251861
104	317	8.28019
104	318	8.29552
104	319	8.398433
104	320	8.457034
104	321	8.505236
104	322	8.632555
104	323	8.773179
104	324	8.985519
104	325	9.052245
105	231	4.713962
105	232	3.723933
105	233	2.916897
105	234	2.193924
105	235	1.496997
105	236	1.050533
105	237	0.677623
105	238	0.00696
105	239	0.065224
105	240	0.171788
105	241	0.296579
105	242	0.486986
105	243	0.731976
105	244	1.03943
105	245	1.397884
105	246	1.790148
105	247	2.198415
105	248	2.597639
105	249	2.973566
105	250	3.322855
105	251	3.590914
105	252	3.798384
105	253	4.010042
105	254	4.208655
105	255	4.364618
105	256	4.50081
105	257	4.642051
105	258	4.778734
105	259	4.817351
105	260	4.696689
105	261	4.608818
105	262	4.567393
105	263	4.388317
105	264	4.210721
105	265	4.094926
105	266	3.981994
105	267	3.776381
105	268	3.587793
105	269	3.425411
105	270	3.183198
105	271	3.049528
105	272	2.778213
105	273	2.72901
105	274	2.608598
105	275	2.575265
105	276	2.497015
105	277	2.656705
105	278	3.020443
105	279	3.251325
105	280	3.481624
105	281	3.778299
105	282	3.907279
105	283	3.981625
105	284	4.118683
105	285	4.275593
105	286	4.419276
105	287	4.525621
105	288	4.474209
105	289	4.592457
105	290	3.559932
105	291	2.817749
105	292	2.587241
105	293	2.70319
105	294	2.802329
105	295	2.99126
105	296	3.066925
105	297	3.260824
105	298	3.479104
105	299	3.750811
105	300	3.96756
105	301	4.240651
105	302	4.558224
105	303	4.872715
105	304	5.227475
105	305	5.530825
105	306	5.816093
105	307	6.145407
105	308	6.402545
105	309	6.622302
105	310	6.898385
105	311	7.076055
105	312	7.292249
105	313	7.443206
105	314	7.615416
105	315	7.699608
105	316	7.828061
105	317	7.782182
105	318	7.799482
105	319	7.784384
105	320	7.884424
105	321	7.913249
105	322	7.960903
105	323	8.081544
105	324	8.233182
105	325	8.461734
105	326	8.517846
106	232	4.821242
106	233	3.83178
106	234	3.068575
106	235	2.334223
106	236	1.634643
106	237	1.16547
106	238	0.800069
106	239	0.610411
106	240	0.417593
106	241	0.096973
106	242	0.210457
106	243	0.365624
106	244	0.58
106	245	0.849531
106	246	1.17668
106	247	1.538056
106	248	1.891584
106	249	2.254259
106	250	2.596037
106	251	2.897118
106	252	3.160424
106	253	3.376153
106	254	3.563401
106	255	3.719723
106	256	3.893959
106	257	4.04252
106	258	4.16654
106	259	4.303499
106	260	4.343014
106	261	4.423563
106	262	4.330402
106	263	4.264287
106	264	4.164066
106	265	3.996018
106	266	3.837564
106	267	3.762944
106	268	3.564657
106	269	3.43689
106	270	3.291206
106	271	3.045664
106	272	2.888937
106	273	2.637816
106	274	2.519306
106	275	2.39393
106	276	2.351389
106	277	2.472684
106	278	2.601346
106	279	2.892829
106	280	3.141989
106	281	3.362487
106	282	3.653214
106	283	3.793671
106	284	3.86318
106	285	4.00613
106	286	4.170486
106	287	4.315916
106	288	4.412998
106	289	4.359842
106	290	4.479694
106	291	3.445557
106	292	2.70745
106	293	2.323701
106	294	2.26422
106	295	2.41892
106	296	2.606663
106	297	2.677689
106	298	2.810512
106	299	2.994671
106	300	3.278851
106	301	3.480366
106	302	3.724642
106	303	3.982503
106	304	4.28263
106	305	4.597947
106	306	4.902659
106	307	5.225612
106	308	5.547413
106	309	5.814655
106	310	6.035855
106	311	6.306682
106	312	6.536456
106	313	6.76958
106	314	6.916796
106	315	7.08585
106	316	7.145944
106	317	7.254899
106	318	7.26806
106	319	7.282248
106	320	7.298481
106	321	7.382355
106	322	7.403876
106	323	7.43958
106	324	7.541351
106	325	7.70515
106	326	7.912358
106	327	7.96303
106	328	8.257267
107	233	4.918083
107	234	3.98762
107	235	3.249627
107	236	2.516944
107	237	1.821064
107	238	1.335329
107	239	0.966995
107	240	0.795732
107	241	0.501795
107	242	0.018555
107	243	0.125752
107	244	0.258596
107	245	0.447646
107	246	0.673462
107	247	0.955353
107	248	1.256261
107	249	1.573005
107	250	1.883116
107	251	2.170496
107	252	2.440379
107	253	2.660139
107	254	2.854453
107	255	3.04641
107	256	3.214691
107	257	3.369457
107	258	3.512379
107	259	3.627897
107	260	3.730634
107	261	3.855763
107	262	3.946015
107	263	3.968174
107	264	3.922534
107	265	3.872453
107	266	3.723819
107	267	3.564607
107	268	3.519433
107	269	3.327964
107	270	3.223284
107	271	3.101596
107	272	2.86437
107	273	2.727132
107	274	2.479716
107	275	2.29061
107	276	2.173577
107	277	2.176114
107	278	2.334242
107	279	2.545162
107	280	2.815093
107	281	3.071763
107	282	3.300082
107	283	3.596199
107	284	3.74079
107	285	3.808345
107	286	3.951462
107	287	4.125884
107	288	4.270026
107	289	4.359876
107	290	4.291694
107	291	4.405763
107	292	3.395374
107	293	2.660599
107	294	2.24773
107	295	1.814287
107	296	1.992061
107	297	2.174904
107	298	2.285474
107	299	2.428915
107	300	2.524126
107	301	2.782597
107	302	2.981721
107	303	3.244948
107	304	3.457457
107	305	3.697868
107	306	4.028882
107	307	4.331287
107	308	4.63376
107	309	4.90813
107	310	5.19846
107	311	5.465986
107	312	5.729234
107	313	5.985708
107	314	6.215652
107	315	6.376481
107	316	6.540131
107	317	6.60648
107	318	6.72047
107	319	6.739623
107	320	6.760233
107	321	6.851657
107	322	6.89569
107	323	6.920537
107	324	6.940294
107	325	7.028527
107	326	7.181391
107	327	7.379053
107	328	7.436087
107	329	7.730512
108	234	5.109996
108	235	4.202484
108	236	3.479317
108	237	2.73619
108	238	2.055136
108	239	1.539107
108	240	1.189309
108	241	0.957928
108	242	0.583481
108	243	0.341069
108	244	0.028936
108	245	0.133315
108	246	0.314785
108	247	0.509858
108	248	0.734482
108	249	0.981108
108	250	1.250068
108	251	1.503866
108	252	1.743634
108	253	1.95246
108	254	2.155618
108	255	2.343505
108	256	2.530505
108	257	2.713504
108	258	2.863662
108	259	2.97265
108	260	3.087897
108	261	3.18817
108	262	3.289172
108	263	3.37381
108	264	3.473548
108	265	3.536617
108	266	3.533625
108	267	3.425414
108	268	3.307072
108	269	3.257663
108	270	3.070303
108	271	2.97152
108	272	2.8463
108	273	2.661244
108	274	2.577026
108	275	2.337256
108	276	2.067982
108	277	1.959956
108	278	2.016373
108	279	2.178657
108	280	2.380934
108	281	2.724366
108	282	3.067291
108	283	3.301784
108	284	3.599476
108	285	3.74746
108	286	3.812791
108	287	3.957703
108	288	4.138201
108	289	4.282014
108	290	4.367268
108	291	4.313941
108	292	4.425914
108	293	3.400669
108	294	2.670026
108	295	2.218569
108	296	1.546364
108	297	1.457066
108	298	1.641329
108	299	1.836781
108	300	2.001686
108	301	2.175951
108	302	2.467404
108	303	2.666858
108	304	2.953469
108	305	3.20108
108	306	3.458707
108	307	3.705267
108	308	3.905922
108	309	4.060427
108	310	4.310101
108	311	4.581546
108	312	4.852425
108	313	5.127998
108	314	5.368829
108	315	5.606253
108	316	5.818529
108	317	5.972182
108	318	6.082121
108	319	6.21228
108	320	6.199377
108	321	6.25194
108	322	6.363642
108	323	6.420855
108	324	6.498797
108	325	6.460469
108	326	6.534151
108	327	6.665019
108	328	6.852291
108	329	6.899429
108	330	7.183202
109	235	5.374615
109	236	4.514524
109	237	3.715394
109	238	2.992267
109	239	2.329374
109	240	1.853413
109	241	1.480078
109	242	1.133761
109	243	0.734974
109	244	0.526584
109	245	0.342342
109	246	0.032639
109	247	0.172226
109	248	0.324748
109	249	0.5027
109	250	0.692312
109	251	0.884712
109	252	1.099804
109	253	1.320222
109	254	1.545035
109	255	1.706969
109	256	1.838378
109	257	2.057933
109	258	2.248408
109	259	2.363544
109	260	2.49693
109	261	2.562385
109	262	2.639338
109	263	2.732084
109	264	2.83529
109	265	2.912188
109	266	2.99334
109	267	3.031444
109	268	3.07374
109	269	3.003666
109	270	2.952037
109	271	2.8406
109	272	2.703065
109	273	2.574933
109	274	2.414377
109	275	2.313783
109	276	2.087676
109	277	1.885667
109	278	1.799524
109	279	1.866322
109	280	1.989976
109	281	2.294469
109	282	2.668986
109	283	3.029631
109	284	3.433826
109	285	3.815755
109	286	4.045483
109	287	4.13621
109	288	4.269969
109	289	4.411051
109	290	4.489787
109	291	4.502229
109	292	4.406552
109	293	4.517036
109	294	3.482918
109	295	2.752128
109	296	2.221526
109	297	1.512496
109	298	1.128917
109	299	1.156524
109	300	1.313732
109	301	1.540667
109	302	1.826332
109	303	2.110303
109	304	2.374967
109	305	2.689554
109	306	2.94327
109	307	3.203324
109	308	3.473089
109	309	3.650011
109	310	3.768037
109	311	3.872051
109	312	3.983322
109	313	4.265028
109	314	4.54708
109	315	4.779118
109	316	4.999933
109	317	5.221945
109	318	5.403964
109	319	5.534818
109	320	5.662151
109	321	5.727749
109	322	5.774503
109	323	5.891251
109	324	5.978166
109	325	6.057119
109	326	6.018692
109	327	6.074673
109	328	6.111845
109	329	6.341065
109	330	6.385296
109	331	6.651585
110	236	5.715085
110	237	4.860883
110	238	4.061823
110	239	3.312769
110	240	2.689507
110	241	2.213801
110	242	1.821936
110	243	1.372492
110	244	0.914675
110	245	0.709423
110	246	0.476931
110	247	0.258091
110	248	0.158227
110	249	0.154968
110	250	0.291951
110	251	0.43507
110	252	0.577891
110	253	0.752532
110	254	0.924656
110	255	1.052429
110	256	1.227754
110	257	1.452611
110	258	1.637925
110	259	1.76712
110	260	1.941685
110	261	2.047274
110	262	2.089332
110	263	2.183432
110	264	2.232953
110	265	2.281728
110	266	2.386568
110	267	2.441717
110	268	2.488925
110	269	2.589958
110	270	2.679837
110	271	2.629515
110	272	2.53229
110	273	2.45418
110	274	2.339812
110	275	2.176595
110	276	2.105529
110	277	1.914909
110	278	1.774836
110	279	1.716856
110	280	1.852732
110	281	2.049997
110	282	2.396182
110	283	2.856807
110	284	3.323556
110	285	3.770343
110	286	4.172505
110	287	4.534613
110	288	4.642464
110	289	4.775141
110	290	4.928155
110	291	5.008235
110	292	5.02344
110	293	4.890591
110	294	4.924166
110	295	3.818031
110	296	3.016565
110	297	2.309177
110	298	1.553188
110	299	1.135812
110	300	0.685308
110	301	0.862973
110	302	1.121738
110	303	1.426041
110	304	1.743804
110	305	2.062897
110	306	2.368595
110	307	2.651712
110	308	2.959137
110	309	3.183673
110	310	3.324112
110	311	3.443946
110	312	3.554317
110	313	3.62999
110	314	3.670637
110	315	3.890083
110	316	4.143552
110	317	4.36767
110	318	4.575745
110	319	4.780675
110	320	4.98791
110	321	5.126436
110	322	5.227594
110	323	5.286151
110	324	5.437689
110	325	5.527766
110	326	5.614133
110	327	5.555369
110	328	5.621389
110	329	5.665241
110	330	5.724576
110	331	5.812187
110	332	6.119331
110	333	6.322589
111	237	6.262193
111	238	5.382565
111	239	4.48941
111	240	3.741243
111	241	3.109403
111	242	2.612595
111	243	2.19211
111	244	1.633683
111	245	1.2208
111	246	0.897702
111	247	0.601351
111	248	0.364769
111	249	0.273658
111	250	0.004002
111	251	0.07572
111	252	0.184232
111	253	0.286451
111	254	0.398571
111	255	0.551334
111	256	0.710696
111	257	0.856639
111	258	1.047828
111	259	1.220215
111	260	1.384638
111	261	1.542106
111	262	1.63825
111	263	1.762079
111	264	1.8507
111	265	1.924644
111	266	2.012599
111	267	2.109688
111	268	2.175989
111	269	2.290834
111	270	2.403291
111	271	2.500996
111	272	2.518096
111	273	2.555834
111	274	2.587523
111	275	2.450359
111	276	2.345
111	277	2.27373
111	278	2.060314
111	279	1.92589
111	280	1.963125
111	281	2.15043
111	282	2.412265
111	283	2.837428
111	284	3.346484
111	285	3.817815
111	286	4.241038
111	287	4.625257
111	288	4.917841
111	289	5.18582
111	290	5.332753
111	291	5.4971
111	292	5.586121
111	293	5.60754
111	294	5.476839
111	295	5.526964
111	296	4.424895
111	297	3.609625
111	298	2.793734
111	299	2.032801
111	300	1.484958
111	301	0.887067
111	302	0.500172
111	303	0.748496
111	304	1.040152
111	305	1.368212
111	306	1.710422
111	307	2.047065
111	308	2.358824
111	309	2.621974
111	310	2.849191
111	311	2.988618
111	312	3.127803
111	313	3.234452
111	314	3.291506
111	315	3.327171
111	316	3.344586
111	317	3.490849
111	318	3.731702
111	319	3.956719
111	320	4.158232
111	321	4.354421
111	322	4.534689
111	323	4.693013
111	324	4.795689
111	325	4.930417
111	326	5.025484
111	327	5.137999
111	328	5.09529
111	329	5.162458
111	330	5.191943
111	331	5.223323
111	332	5.231628
111	333	5.505306
111	334	5.853266
112	238	6.954294
112	239	6.011857
112	240	5.04862
112	241	4.255273
112	242	3.574263
112	243	3.052927
112	244	2.574082
112	245	1.906576
112	246	1.550343
112	247	1.136085
112	248	0.780795
112	249	0.565375
112	250	0.408712
112	251	0.272036
112	252	0.000457
112	253	0.032338
112	254	0.08111
112	255	0.147674
112	256	0.243471
112	257	0.352786
112	258	0.531334
112	259	0.707718
112	260	0.850924
112	261	0.9802
112	262	1.168749
112	263	1.319138
112	264	1.436396
112	265	1.538181
112	266	1.65659
112	267	1.740362
112	268	1.836636
112	269	1.932174
112	270	2.096307
112	271	2.200592
112	272	2.289925
112	273	2.44046
112	274	2.592298
112	275	2.685646
112	276	2.551221
112	277	2.477246
112	278	2.4666
112	279	2.251349
112	280	2.081146
112	281	2.151969
112	282	2.380419
112	283	2.763923
112	284	3.186626
112	285	3.685616
112	286	4.145311
112	287	4.689958
112	288	5.105683
112	289	5.427799
112	290	5.832122
112	291	5.960657
112	292	6.131759
112	293	6.216485
112	294	6.247591
112	295	6.12404
112	296	6.181803
112	297	5.083208
112	298	4.241232
112	299	3.305308
112	300	2.545579
112	301	1.942542
112	302	1.287655
112	303	0.813364
112	304	0.544115
112	305	0.735672
112	306	1.018689
112	307	1.352837
112	308	1.684235
112	309	1.984137
112	310	2.258927
112	311	2.491532
112	312	2.685311
112	313	2.792207
112	314	2.888294
112	315	2.953173
112	316	2.993841
112	317	3.001481
112	318	2.991426
112	319	3.088722
112	320	3.318857
112	321	3.546909
112	322	3.751696
112	323	3.924859
112	324	4.091779
112	325	4.257315
112	326	4.411172
112	327	4.536119
112	328	4.646187
112	329	4.636454
112	330	4.694518
112	331	4.734851
112	332	4.757316
112	333	4.715308
112	334	4.846913
112	335	5.508997
113	239	7.688975
113	240	6.628464
113	241	5.738411
113	242	4.740876
113	243	4.05583
113	244	3.503811
113	245	2.93976
113	246	2.276257
113	247	1.848848
113	248	1.37255
113	249	1.069005
113	250	0.741765
113	251	0.546832
113	252	0.386188
113	253	0.284271
113	254	0.190917
113	255	0.160879
113	256	0.009637
113	257	0.054767
113	258	0.151959
113	259	0.265201
113	260	0.386535
113	261	0.48644
113	262	0.67625
113	263	0.868092
113	264	1.006635
113	265	1.151925
113	266	1.295847
113	267	1.414737
113	268	1.486176
113	269	1.597646
113	270	1.713405
113	271	1.875881
113	272	2.009105
113	273	2.13625
113	274	2.260421
113	275	2.395257
113	276	2.500034
113	277	2.547092
113	278	2.564949
113	279	2.617972
113	280	2.396932
113	281	2.299667
113	282	2.508727
113	283	2.772218
113	284	3.168722
113	285	3.545157
113	286	4.02606
113	287	4.515761
113	288	5.055377
113	289	5.642746
113	290	6.077171
113	291	6.527523
113	292	6.624349
113	293	6.81015
113	294	6.885178
113	295	6.933719
113	296	6.827416
113	297	6.885721
113	298	5.791915
113	299	4.951775
113	300	3.948355
113	301	3.042394
113	302	2.398336
113	303	1.688439
113	304	1.215233
113	305	0.845014
113	306	0.589177
113	307	0.769327
113	308	1.064419
113	309	1.372837
113	310	1.66132
113	311	1.904308
113	312	2.14314
113	313	2.324739
113	314	2.437469
113	315	2.580765
113	316	2.649365
113	317	2.695573
113	318	2.720591
113	319	2.746343
113	320	2.737264
113	321	2.712188
113	322	2.917643
113	323	3.136407
113	324	3.329321
113	325	3.513486
113	326	3.69343
113	327	3.863879
113	328	4.016115
113	329	4.118826
113	330	4.114881
113	331	4.196963
113	332	4.264095
113	333	4.287842
113	334	4.20134
113	335	4.310323
113	336	4.940567
114	240	8.445204
114	241	7.33791
114	242	6.256733
114	243	5.273887
114	244	4.5278
114	245	3.962793
114	246	3.28717
114	247	2.701395
114	248	2.17163
114	249	1.652681
114	250	1.331537
114	251	0.942418
114	252	0.683161
114	253	0.519459
114	254	0.404466
114	255	0.281652
114	256	0.207552
114	257	0.133615
114	258	0.031166
114	259	0.002213
114	260	0.054651
114	261	0.127821
114	262	0.256267
114	263	0.410448
114	264	0.589878
114	265	0.770974
114	266	0.936155
114	267	1.057065
114	268	1.176571
114	269	1.276233
114	270	1.415008
114	271	1.532914
114	272	1.663881
114	273	1.773401
114	274	1.978373
114	275	2.125098
114	276	2.232246
114	277	2.375577
114	278	2.51712
114	279	2.636727
114	280	2.720491
114	281	2.594494
114	282	2.81209
114	283	3.076583
114	284	3.344878
114	285	3.685282
114	286	4.045645
114	287	4.511503
114	288	5.038227
114	289	5.589832
114	290	6.170134
114	291	6.744437
114	292	7.277609
114	293	7.351336
114	294	7.391499
114	295	7.455518
114	296	7.498264
114	297	7.573039
114	298	7.63832
114	299	6.549811
114	300	5.50716
114	301	4.496652
114	302	3.551853
114	303	2.865263
114	304	2.087111
114	305	1.632121
114	306	1.195565
114	307	0.929872
114	308	0.743843
114	309	0.806103
114	310	1.077521
114	311	1.370264
114	312	1.604191
114	313	1.805983
114	314	1.982801
114	315	2.160146
114	316	2.266627
114	317	2.362149
114	318	2.40797
114	319	2.473955
114	320	2.4937
114	321	2.461446
114	322	2.47882
114	323	2.446258
114	324	2.452764
114	325	2.632779
114	326	2.793207
114	327	2.976676
114	328	3.166513
114	329	3.325054
114	330	3.412114
114	331	3.483926
114	332	3.600646
114	333	3.673036
114	334	3.707327
114	335	3.863395
114	336	4.021964
114	337	4.478725
114	338	5.049955
115	241	8.669976
115	242	7.756238
115	243	6.72812
115	244	5.780665
115	245	5.017969
115	246	4.405974
115	247	3.607304
115	248	3.096992
115	249	2.471111
115	250	2.02999
115	251	1.519469
115	252	1.191561
115	253	0.828209
115	254	0.643391
115	255	0.486081
115	256	0.332446
115	257	0.205083
115	258	0.107129
115	259	0.006379
115	260	2.408024
115	261	2.79472
115	262	0.015654
115	263	0.051759
115	264	0.189465
115	265	0.377515
115	266	0.557018
115	267	0.715303
115	268	0.840796
115	269	1.017389
115	270	1.117598
115	271	1.255705
115	272	1.336316
115	273	1.490777
115	274	1.625335
115	275	1.770996
115	276	1.899925
115	277	2.057669
115	278	2.201332
115	279	2.310624
115	280	2.427834
115	281	2.666729
115	282	2.84879
115	283	3.075842
115	284	3.309682
115	285	3.616888
115	286	4.021434
115	287	4.347659
115	288	4.787649
115	289	5.280515
115	290	5.851836
115	291	6.394989
115	292	6.78202
115	293	7.277076
115	294	7.34619
115	295	7.536092
115	296	7.614648
115	297	7.665199
115	298	7.574065
115	299	7.645713
115	300	6.574683
115	301	5.792512
115	302	4.855418
115	303	4.010874
115	304	3.326692
115	305	2.505072
115	306	2.039396
115	307	1.555281
115	308	1.271117
115	309	1.047118
115	310	0.907929
115	311	0.845005
115	312	1.078328
115	313	1.308996
115	314	1.508654
115	315	1.697656
115	316	1.847114
115	317	1.939138
115	318	2.057667
115	319	2.150401
115	320	2.203528
115	321	2.252458
115	322	2.275581
115	323	2.284326
115	324	2.239746
115	325	2.172663
115	326	2.094904
115	327	2.210078
115	328	2.369099
115	329	2.516508
115	330	2.650371
115	331	2.758481
115	332	2.860722
115	333	3.226132
115	334	3.155784
115	335	3.422555
115	336	3.634061
115	337	3.782893
115	338	4.246116
115	339	4.619598
116	242	8.921595
116	243	7.986185
116	244	7.208078
116	245	6.224958
116	246	5.48419
116	247	4.814849
116	248	3.969619
116	249	3.419749
116	250	2.744595
116	251	2.349087
116	252	1.6579
116	253	1.307233
116	254	0.928818
116	255	0.726312
116	256	0.507351
116	257	0.358335
116	258	0.20336
116	259	0.079311
116	260	1.582462
116	261	1.900953
116	262	2.256969
116	263	2.629707
116	264	0.023372
116	265	0.052571
116	266	0.221988
116	267	0.382376
116	268	0.552485
116	269	0.710878
116	270	0.88194
116	271	0.959158
116	272	1.079571
116	273	1.175505
116	274	1.334865
116	275	1.417928
116	276	1.53638
116	277	1.708511
116	278	1.811277
116	279	1.956279
116	280	2.292873
116	281	2.511039
116	282	2.764795
116	283	3.226371
116	284	3.448215
116	285	3.699935
116	286	4.025177
116	287	4.405352
116	288	4.758793
116	289	5.17328
116	290	5.607592
116	291	6.044297
116	292	6.508259
116	293	6.875717
116	294	7.320038
116	295	7.409461
116	296	7.611314
116	297	7.70027
116	298	7.742905
116	299	7.629243
116	300	7.702615
116	301	6.634997
116	302	5.865266
116	303	5.297707
116	304	4.410847
116	305	3.75469
116	306	2.937611
116	307	2.407672
116	308	1.904581
116	309	1.570852
116	310	1.328764
116	311	1.066902
116	312	0.998692
116	313	1.041837
116	314	1.106219
116	315	1.264788
116	316	1.438991
116	317	1.578027
116	317	1.578027
116	318	1.699768
116	318	1.699768
116	319	1.825018
116	319	1.825018
116	320	1.919926
116	320	1.919926
116	321	1.999313
116	321	1.999313
116	322	2.067336
116	322	2.067336
116	323	2.075263
116	323	2.075263
116	324	2.035802
116	324	2.035802
116	325	2.001935
116	325	2.001935
116	326	1.991821
116	326	1.991821
116	327	1.962514
116	327	1.962514
116	328	1.885347
116	328	1.885347
116	329	1.843554
116	330	1.963212
116	331	2.081972
116	332	2.237189
116	333	2.302319
116	334	2.963953
116	335	2.741316
116	336	3.173505
116	337	3.428367
116	338	3.596219
116	339	4.051554
116	340	4.380159
116	341	4.994262
117	243	9.206805
117	244	8.222534
117	245	7.396142
117	246	6.593154
117	247	5.892074
117	248	5.157951
117	249	4.37503
117	250	3.685362
117	251	3.046407
117	252	2.514693
117	253	1.957569
117	254	1.363561
117	255	0.960094
117	256	0.759198
117	257	0.505413
117	258	0.347927
117	259	0.20176
117	260	0.075589
117	261	0.014733
117	262	1.551772
117	263	1.782837
117	264	2.038185
117	265	0.011307
117	266	0.058139
117	267	0.166078
117	268	0.28745
117	269	0.428832
117	270	0.581295
117	271	0.712913
117	272	0.799687
117	273	0.935405
117	274	0.999381
117	275	1.109481
117	276	1.221763
117	277	1.343914
117	278	1.497447
117	279	1.54827
117	280	1.694449
117	281	2.426658
117	282	2.634285
117	283	2.89079
117	284	3.333887
117	285	3.650686
117	286	4.070223
117	287	4.400648
117	288	4.736466
117	289	5.112438
117	290	5.519174
117	291	5.978063
117	292	6.358228
117	293	6.698315
117	294	7.012789
117	295	7.436165
117	296	7.522109
117	297	7.726538
117	298	7.811909
117	299	7.85963
117	300	7.748857
117	301	7.839276
117	302	6.764957
117	303	5.994866
117	304	5.374836
117	305	4.564079
117	306	4.119741
117	307	3.319278
117	308	2.745918
117	309	2.245941
117	310	1.833093
117	311	1.578344
117	312	1.330741
117	313	1.178802
117	314	1.127012
117	315	1.132457
117	316	1.1884
117	317	1.313659
117	318	1.468352
117	319	1.600053
117	320	1.693737
117	321	1.777535
117	322	1.860604
117	323	1.888021
117	324	1.859318
117	325	1.819859
117	326	1.774263
117	327	1.758482
117	328	1.710475
117	329	1.663947
117	330	1.753251
117	331	1.750595
117	332	1.770695
117	333	1.859517
117	334	1.865944
117	335	2.762772
117	336	2.398038
117	337	2.669396
117	338	3.021765
117	339	3.342236
117	340	3.869844
117	341	4.165122
117	342	4.708373
117	343	5.573518
118	244	9.503615
118	245	8.490796
118	246	7.592314
118	247	6.70862
118	248	6.167841
118	249	5.414628
118	250	4.716765
118	251	3.872437
118	252	3.280005
118	253	2.599326
118	254	2.016252
118	255	1.433103
118	256	1.011553
118	257	0.733085
118	258	0.535975
118	259	0.339649
118	260	0.182052
118	261	0.108585
118	262	0.041745
118	263	0.001185
118	264	1.490652
118	265	1.697399
118	266	1.877549
118	267	0.030549
118	268	0.119314
118	269	0.218643
118	270	0.329535
118	271	0.437016
118	272	0.545604
118	273	0.645216
118	274	0.756201
118	275	0.79018
118	276	0.94074
118	277	1.028927
118	278	1.104259
118	279	1.248287
118	280	1.304248
118	281	1.823921
118	282	2.623935
118	283	2.78588
118	284	3.061496
118	285	3.456246
118	286	3.849264
118	287	4.361425
118	288	4.664803
118	289	5.075848
118	290	5.455458
118	291	5.818344
118	292	6.202343
118	293	6.666784
118	294	6.942305
118	295	7.192847
118	296	7.625207
118	297	7.704005
118	298	7.904109
118	299	7.986155
118	300	8.038051
118	301	7.932157
118	302	8.028751
118	303	6.968554
118	304	6.18802
118	305	5.457432
118	306	4.658914
118	307	4.177559
118	308	3.519635
118	309	3.049646
118	310	2.547151
118	311	2.069973
118	312	1.810697
118	313	1.552552
118	314	1.362902
118	315	1.224207
118	316	1.192285
118	317	1.229466
118	318	1.294875
118	319	1.436467
118	320	1.533089
118	321	1.629067
118	322	1.700108
118	323	1.726091
118	324	1.713485
118	325	1.676135
118	326	1.629483
118	327	1.547416
118	328	1.531847
118	329	1.452146
118	330	1.462955
118	331	1.594023
118	332	1.610566
118	333	1.735522
118	334	1.823784
118	335	1.815749
118	336	2.583607
118	337	2.226988
118	338	2.449187
118	339	2.758409
118	340	2.998374
118	341	3.537296
118	342	4.071343
118	343	4.48145
118	344	5.314117
118	345	6.007078
118	346	6.998905
119	245	9.84408
119	246	8.798655
119	247	7.772651
119	248	6.922666
119	249	6.348348
119	250	5.490903
119	251	4.935869
119	252	4.077697
119	253	3.407473
119	254	2.695761
119	255	2.019038
119	256	1.418165
119	257	1.073744
119	258	0.723758
119	259	0.5166
119	260	0.354173
119	261	0.194999
119	262	0.140812
119	263	0.056137
119	264	0.033893
119	265	1.235062
119	266	0.000467
119	267	1.523594
119	268	0.001963
119	269	0.045365
119	270	0.097655
119	271	0.211213
119	272	0.290464
119	273	0.366683
119	274	0.46132
119	275	0.587774
119	276	0.614505
119	277	0.727701
119	278	0.810531
119	279	0.887034
119	280	1.038153
119	281	1.364808
119	282	2.071088
119	283	2.856755
119	284	2.958054
119	285	3.26841
119	286	3.626766
119	287	3.943959
119	288	4.467477
119	289	4.835996
119	290	5.288954
119	291	5.668455
119	292	6.110719
119	293	6.413191
119	294	6.798298
119	295	7.079241
119	296	7.460786
119	297	7.890549
119	298	7.942291
119	299	8.101221
119	300	8.16209
119	301	8.22029
119	302	8.173719
119	303	8.273649
119	304	7.217156
119	305	6.381287
119	306	5.532129
119	307	4.781003
119	308	4.221114
119	309	3.555822
119	310	3.076602
119	311	2.870723
119	312	2.285568
119	313	2.03602
119	314	1.735246
119	315	1.529303
119	316	1.395357
119	317	1.247541
119	318	1.272055
119	319	1.34076
119	320	1.43111
119	321	1.509608
119	322	1.580571
119	323	1.584168
119	324	1.599673
119	325	1.556559
119	326	1.512229
119	327	1.447515
119	328	1.366521
119	329	1.312544
119	330	1.280893
119	331	1.290944
119	332	1.374252
119	333	1.399216
119	334	1.682246
119	335	1.741431
119	336	1.726196
119	337	1.840394
119	338	2.127009
119	339	2.43864
119	340	2.735957
119	341	2.947031
119	342	3.517828
119	343	4.120548
119	344	4.7116
119	345	5.549002
119	346	6.239237
119	347	7.190577
119	348	6.922237
119	349	6.776707
120	246	10.229236
120	247	9.105307
120	248	7.981307
120	249	7.173457
120	250	6.494628
120	251	5.58889
120	252	4.92024
120	253	4.283765
120	254	3.420017
120	255	2.618913
120	256	1.971482
120	257	1.428785
120	258	1.123278
120	259	0.795215
120	260	0.558316
120	261	0.405006
120	262	0.248882
120	263	0.157301
120	264	0.09025
120	265	0.067488
120	266	0.022661
120	267	0.028203
120	268	0.020678
120	269	1.283094
120	270	0.000526
120	271	0.010456
120	272	0.073408
120	273	0.152263
120	274	0.224855
120	275	0.291201
120	276	0.395663
120	277	0.421401
120	278	0.525864
120	279	0.616357
120	280	0.710526
120	281	1.001368
120	282	1.468492
120	283	2.234081
120	284	3.148511
120	285	3.279854
120	286	3.432056
120	287	3.770614
120	288	4.051028
120	289	4.561367
120	290	4.968723
120	291	5.460794
120	292	5.897389
120	293	6.350649
120	294	6.641667
120	295	6.906888
120	296	7.211743
120	297	7.700422
120	298	8.197321
120	299	8.236834
120	300	8.236891
120	301	8.287032
120	302	8.348101
120	303	8.453629
120	304	8.556625
120	305	7.49554
120	306	6.482987
120	307	5.602318
120	308	4.905609
120	309	4.248213
120	310	3.599671
120	311	3.049553
120	312	2.845398
120	313	2.534127
120	314	2.358033
120	315	1.94994
120	316	1.699108
120	317	1.548234
120	318	1.354559
120	319	1.325562
120	320	1.369916
120	321	1.389549
120	322	1.444047
120	323	1.504627
120	324	1.500182
120	325	1.491127
120	326	1.448201
120	327	1.376012
120	328	1.280845
120	329	1.204375
120	330	1.146374
120	331	1.124741
120	332	1.11231
120	333	1.189297
120	334	1.234088
120	335	1.506957
120	336	1.546129
120	337	1.64578
120	338	1.803909
120	339	2.059561
120	340	2.383929
120	341	2.743536
120	342	2.987607
120	343	3.515109
120	344	4.11964
120	345	4.740801
120	346	5.648214
120	347	6.585201
120	348	7.533706
120	349	7.283433
120	350	7.053798
120	351	6.857959
120	352	6.7564
120	353	6.691439
121	247	10.472586
121	248	9.406796
121	249	8.271074
121	250	7.400696
121	251	6.505686
121	252	5.704638
121	253	4.789386
121	254	4.079221
121	255	3.380022
121	256	2.6668
121	257	1.917709
121	258	1.420374
121	259	1.146
121	260	0.866697
121	261	0.599817
121	262	0.490574
121	263	0.301917
121	264	0.231704
121	265	0.147267
121	266	0.099424
121	267	0.053881
121	268	0.028584
121	269	0.032348
121	270	0.021569
121	271	0.028017
121	272	0.022236
121	273	0.012549
121	274	0.0238
121	275	0.079799
121	276	0.138352
121	277	0.241529
121	278	0.285562
121	279	0.347574
121	280	0.440425
121	281	1.223596
121	282	1.362105
121	283	1.665764
121	284	2.292661
121	285	3.183056
121	286	3.38109
121	287	3.63838
121	288	3.960722
121	289	4.240082
121	290	4.583863
121	291	5.140645
121	292	5.636354
121	293	6.040338
121	294	6.486355
121	295	6.801797
121	296	7.079273
121	297	7.37381
121	298	7.682314
121	299	8.172108
121	300	8.175838
121	301	8.309945
121	302	8.361801
121	303	8.422866
121	304	8.380481
121	305	8.465126
121	306	7.384667
121	307	6.617277
121	308	5.663918
121	309	4.9771
121	310	4.216531
121	311	3.535947
121	312	2.998424
121	313	2.785403
121	314	2.536502
121	315	2.367218
121	316	2.096938
121	317	1.927853
121	318	1.73152
121	319	1.450172
121	320	1.415864
121	321	1.377097
121	322	1.33444
121	323	1.361604
121	324	1.400259
121	325	1.393357
121	326	1.389475
121	327	1.351982
121	328	1.275512
121	329	1.16425
121	330	1.10927
121	331	1.036503
121	332	0.98843
121	333	0.997657
121	334	1.051498
121	335	1.082643
121	336	1.305129
121	337	1.363867
121	338	1.494241
121	339	1.675925
121	340	1.971371
121	341	2.274166
121	342	2.718505
121	343	3.060459
121	344	3.515756
121	345	4.099788
121	346	4.791948
121	347	5.562438
121	348	6.405844
121	349	7.379299
121	350	7.12746
121	351	7.094097
121	352	6.907428
121	353	6.753195
121	354	6.697685
121	355	6.562576
121	356	6.364218
121	357	6.199793
122	248	10.710818
122	249	9.610532
122	250	8.499338
122	251	7.587631
122	252	6.55888
122	253	5.625228
122	254	4.834502
122	255	3.971657
122	256	3.123072
122	257	2.399491
122	258	1.926413
122	259	1.487262
122	260	1.125517
122	261	0.883933
122	262	0.619478
122	263	0.532858
122	264	0.354039
122	265	0.295276
122	266	0.183823
122	267	0.136099
122	268	0.067056
122	269	0.063971
122	270	0.026274
122	271	0.011821
122	272	0.038519
122	273	0.031258
122	274	0.003948
122	275	0.013983
122	276	0.016753
122	277	0.076871
122	278	0.150824
122	279	0.134443
122	280	0.179112
122	281	0.280754
122	282	1.534927
122	283	1.718979
122	284	1.990403
122	285	2.394968
122	286	3.240724
122	287	3.42052
122	288	3.747055
122	289	4.074662
122	290	4.413145
122	291	4.769478
122	292	5.175446
122	293	5.680908
122	294	6.202564
122	295	6.645704
122	296	6.931263
122	297	7.242669
122	298	7.453518
122	299	7.732612
122	300	8.144585
122	301	8.168082
122	302	8.332526
122	303	8.380924
122	304	8.421069
122	305	8.298241
122	306	8.38104
122	307	7.297706
122	308	6.519228
122	309	5.661848
122	310	4.965581
122	311	4.158362
122	312	3.421606
122	313	2.945497
122	314	2.723562
122	315	2.462381
122	316	2.32373
122	317	2.175179
122	318	2.036053
122	319	1.861876
122	320	1.574407
122	321	1.477988
122	322	1.3977
122	323	1.29274
122	324	1.312515
122	325	1.3115
122	326	1.306372
122	327	1.310775
122	328	1.261978
122	329	1.177516
122	330	1.103888
122	331	1.05038
122	332	0.979432
122	333	0.917602
122	334	0.910694
122	335	0.918555
122	336	0.949819
122	337	1.15245
122	338	1.230653
122	339	1.331979
122	340	1.481934
122	341	1.750325
122	342	2.093621
122	343	2.620104
122	344	2.988369
122	345	3.420069
122	346	4.093871
122	347	4.717878
122	348	5.501379
122	349	6.251839
122	350	7.258423
122	351	6.978032
122	352	6.932466
122	353	6.797603
122	354	6.684671
122	355	6.586521
122	356	6.39523
122	357	6.144669
122	358	5.877429
122	359	5.562436
123	249	11.002537
123	250	9.729362
123	251	8.690958
123	252	7.738402
123	253	6.684637
123	254	5.660165
123	255	4.665754
123	256	3.729088
123	257	2.975706
123	258	2.279478
123	259	1.928051
123	260	1.573081
123	261	1.137012
123	262	0.939069
123	263	0.700916
123	264	0.605712
123	265	0.408743
123	266	0.342456
123	267	0.20597
123	268	0.14636
123	269	0.071679
123	270	0.067307
123	271	0.025867
123	272	0.029396
123	273	0.024582
123	274	0.005471
123	275	0.009058
123	276	0.003298
123	277	0.017577
123	278	0.037172
123	279	0.084349
123	280	0.091428
123	281	0.098328
123	282	0.210708
123	283	1.804133
123	284	1.990637
123	285	2.301559
123	286	2.718987
123	287	3.434474
123	288	3.546265
123	289	3.857072
123	290	4.131222
123	291	4.602481
123	292	4.975727
123	293	5.37565
123	294	5.775569
123	295	6.176294
123	296	6.576995
123	297	6.939657
123	298	7.288674
123	299	7.504326
123	300	7.768091
123	301	8.175568
123	302	8.154267
123	303	8.274716
123	304	8.315097
123	305	8.338165
123	306	8.267258
123	307	8.352099
123	308	7.259698
123	309	6.422272
123	310	5.483151
123	311	4.749859
123	312	4.059047
123	313	3.326364
123	314	2.849101
123	315	2.647123
123	316	2.343006
123	317	2.196082
123	318	2.05233
123	319	1.919
123	320	1.779376
123	321	1.695789
123	322	1.615667
123	323	1.43309
123	324	1.286634
123	325	1.271835
123	326	1.255599
123	327	1.235099
123	328	1.206145
123	329	1.153198
123	330	1.102523
123	331	1.062809
123	332	1.018576
123	333	0.967951
123	334	0.887557
123	335	0.851373
123	336	0.787269
123	337	0.831849
123	338	1.008311
123	339	1.074611
123	340	1.167407
123	341	1.290676
123	342	1.550133
123	343	1.864033
123	344	2.318553
123	345	2.831538
123	346	3.322701
123	347	3.996244
123	348	4.583946
123	349	5.436744
123	350	6.165183
123	351	7.160845
123	352	6.863664
123	353	6.769083
123	354	6.636595
123	355	6.549301
123	356	6.387949
123	357	6.205579
123	358	5.889007
123	359	5.60485
123	360	5.287083
123	361	4.982695
123	362	4.712191
124	250	11.301939
124	251	9.994515
124	252	8.833548
124	253	7.696692
124	254	6.592708
124	255	5.675917
124	256	4.671712
124	257	3.735844
124	258	2.848355
124	259	2.012084
124	260	1.770257
124	261	1.655354
124	262	1.238058
124	263	1.028254
124	264	0.831698
124	265	0.660647
124	266	0.483529
124	267	0.372062
124	268	0.243639
124	269	0.155225
124	270	0.121219
124	271	0.072351
124	272	0.049392
124	273	0.053127
124	274	0.021443
124	275	0.269754
124	276	0.243397
124	277	0.22318
124	278	0.000231
124	279	0.007103
124	280	0.028499
124	281	0.046645
124	282	0.046158
124	283	0.117059
124	284	1.72947
124	285	2.175681
124	286	2.512852
124	287	3.011391
124	288	3.682455
124	289	3.769411
124	290	4.008841
124	291	4.253172
124	292	4.551495
124	293	4.934705
124	294	5.410956
124	295	5.824594
124	296	6.176232
124	297	6.532671
124	298	6.897345
124	299	7.230806
124	300	7.43958
124	301	7.759798
124	302	8.207295
124	303	8.167078
124	304	8.170392
124	305	8.208389
124	306	8.228106
124	307	8.253265
124	308	8.322161
124	309	7.22491
124	310	6.293537
124	311	5.348554
124	312	4.450148
124	313	3.75615
124	314	3.237854
124	315	2.745551
124	316	2.553854
124	317	2.24866
124	318	2.119238
124	319	1.988455
124	320	1.853764
124	321	1.761482
124	322	1.693765
124	323	1.615236
124	324	1.471935
124	325	1.354457
124	326	1.319044
124	327	1.244855
124	328	1.215719
124	329	1.197729
124	330	1.169409
124	331	1.081041
124	332	0.970318
124	333	0.921331
124	334	0.849352
124	335	0.805336
124	336	0.792359
124	337	0.740287
124	338	0.740401
124	339	0.859376
124	340	0.915871
124	341	0.956634
124	342	1.087061
124	343	1.332523
124	344	1.614459
124	345	2.052422
124	346	2.531657
124	347	3.029775
124	348	3.8085
124	349	4.350096
124	350	5.255023
124	351	6.083422
124	352	7.077524
124	353	6.809104
124	354	6.595662
124	355	6.457497
124	356	6.36579
124	357	6.15186
124	358	5.897077
124	359	5.597117
124	360	5.362777
124	361	5.036293
124	362	4.712581
124	363	4.48577
124	364	4.120427
125	251	11.324068
125	252	10.069109
125	253	8.856392
125	254	7.706162
125	255	6.636085
125	256	5.566076
125	257	4.54056
125	258	3.577852
125	259	2.658102
125	260	1.938762
125	261	1.645584
125	262	1.545639
125	263	1.352595
125	264	1.126677
125	265	0.950627
125	266	0.719311
125	267	0.559428
125	268	0.448941
125	269	0.32404
125	270	0.231704
125	271	0.163402
125	272	0.100614
125	273	0.073377
125	274	0.048923
125	275	0.449245
125	276	0.422376
125	277	0.403496
125	278	0.373288
125	279	0.371661
125	280	0.399069
125	281	0.539814
125	282	0.769152
125	283	1.018021
125	284	0.064905
125	285	1.682198
125	286	2.109287
125	287	2.620976
125	288	3.102687
125	289	3.805832
125	290	3.797614
125	291	3.969656
125	292	4.242739
125	293	4.621857
125	294	5.02315
125	295	5.36447
125	296	5.677026
125	297	5.981777
125	298	6.287565
125	299	6.605076
125	300	6.952652
125	301	7.291188
125	302	7.588519
125	303	8.032952
125	304	7.986976
125	305	7.927244
125	306	7.964111
125	307	8.001587
125	308	8.033021
125	309	8.093697
125	310	7.005478
125	311	5.999092
125	312	5.05329
125	313	4.111752
125	314	3.42396
125	315	2.954792
125	316	2.617601
125	317	2.443806
125	318	2.152604
125	319	1.975109
125	320	1.829325
125	321	1.734118
125	322	1.66173
125	323	1.573829
125	324	1.491006
125	325	1.418806
125	326	1.352147
125	327	1.340198
125	328	1.259826
125	329	1.187648
125	330	1.147729
125	331	1.084247
125	332	1.007699
125	333	0.900577
125	334	0.806823
125	335	0.714389
125	336	0.668168
125	337	0.687257
125	338	0.678841
125	339	0.689523
125	340	0.667067
125	341	0.724593
125	342	0.726107
125	343	0.843154
125	344	1.070218
125	345	1.282471
125	346	1.771041
125	347	2.193063
125	348	2.682874
125	349	3.459104
125	350	4.101122
125	351	5.002513
125	352	5.805207
125	353	6.822601
125	354	6.536201
125	355	6.395879
125	356	6.27013
125	357	6.080599
125	358	5.836048
125	359	5.579677
125	360	5.295202
125	361	5.03861
125	362	4.874427
125	363	4.532462
125	364	4.234681
126	252	11.281982
126	253	10.030031
126	254	8.845664
126	255	7.713619
126	256	6.588065
126	257	5.487776
126	258	4.45698
126	259	3.473066
126	260	2.551488
126	261	1.90934
126	262	1.562315
126	263	1.449101
126	264	1.340214
126	265	1.127228
126	266	1.041001
126	267	0.776585
126	268	0.65455
126	269	0.550699
126	270	0.409542
126	271	0.298822
126	272	0.191209
126	273	0.139552
126	274	0.081972
126	275	0.047553
126	276	0.010928
126	277	0.60961
126	278	0.602267
126	279	0.612585
126	280	0.600091
126	281	0.613926
126	282	0.694601
126	283	0.886979
126	284	1.097118
126	285	0.014324
126	286	1.690983
126	287	2.101619
126	288	2.604964
126	289	3.179093
126	290	3.862977
126	291	3.805876
126	292	4.007471
126	293	4.276549
126	294	4.603117
126	295	4.932092
126	296	5.245728
126	297	5.540319
126	298	5.812963
126	299	6.081391
126	300	6.359245
126	301	6.661808
126	302	6.996276
126	303	7.411348
126	304	7.838917
126	305	7.770772
126	306	7.731875
126	307	7.728156
126	308	7.734506
126	309	7.787904
126	310	7.873379
126	311	6.767718
126	312	5.70504
126	313	4.693644
126	314	3.736985
126	315	3.103789
126	316	2.686739
126	317	2.377883
126	318	2.19065
126	319	2.052822
126	320	1.865529
126	321	1.662046
126	322	1.647209
126	323	1.557761
126	324	1.464187
126	325	1.38845
126	326	1.337019
126	327	1.308746
126	328	1.287582
126	329	1.229014
126	330	1.152384
126	331	1.073419
126	332	0.985249
126	333	0.906303
126	334	0.768101
126	335	0.676884
126	336	0.581124
126	337	0.551488
126	338	0.547652
126	339	0.533558
126	340	0.522238
126	341	0.538829
126	342	0.541213
126	343	0.493229
126	344	0.562764
126	345	0.797371
126	346	0.983729
126	347	1.483798
126	348	1.851469
126	349	2.330998
126	350	3.078542
126	351	3.744009
126	352	4.599416
126	353	5.519918
126	354	6.540466
126	355	6.239322
126	356	6.130285
126	357	5.947486
126	358	5.743121
126	359	5.533076
126	360	5.335673
126	361	5.021212
126	362	4.733803
126	363	4.563049
126	364	4.19044
126	365	3.958763
127	253	10.100671
127	254	9.050572
127	255	7.846459
127	256	6.71648
127	257	5.575015
127	258	4.489575
127	259	3.467519
127	260	2.688607
127	261	2.324521
127	262	1.878021
127	263	1.503227
127	264	1.380387
127	265	1.257334
127	266	1.199762
127	267	1.13246
127	268	0.834253
127	269	0.768474
127	270	0.631591
127	271	0.484504
127	272	0.365901
127	273	0.23941
127	274	0.189235
127	275	0.111622
127	276	0.095813
127	277	0.046359
127	278	0.045492
127	279	0.065317
127	280	0.072504
127	281	0.138767
127	282	0.17416
127	283	0.24916
127	284	0.426532
127	285	0.647881
127	286	0.860153
127	287	1.087434
127	288	1.327964
127	289	1.750924
127	290	2.252647
127	291	2.93004
127	292	3.059668
127	293	3.340087
127	294	3.625034
127	295	3.945768
127	296	4.242906
127	297	4.53547
127	298	4.813557
127	299	5.083708
127	300	5.322095
127	301	5.553677
127	302	5.758621
127	303	6.065746
127	304	6.397135
127	305	6.820773
127	306	6.806512
127	307	6.825058
127	308	6.816939
127	309	6.810983
127	310	6.824085
127	311	6.902796
127	312	5.819017
127	313	5.023798
127	314	4.203231
127	315	3.34492
127	316	2.768243
127	317	2.429426
127	318	2.096742
127	319	1.958514
127	320	1.818556
127	321	1.638535
127	322	1.520565
127	323	1.464181
127	324	1.401312
127	325	1.401599
127	326	1.393009
127	327	1.322045
127	328	1.261344
127	329	1.213531
127	330	1.152087
127	331	1.069116
127	332	1.013559
127	333	0.911563
127	334	0.830295
127	335	0.718787
127	336	0.580359
127	337	0.452837
127	338	0.41276
127	339	0.371488
127	340	0.328798
127	341	0.317435
127	342	0.293421
127	343	0.286279
127	344	0.269557
127	345	0.338483
127	346	0.530213
127	347	0.657548
127	348	1.163812
127	349	1.502334
127	350	2.015443
127	351	2.703354
127	352	3.329381
127	353	4.193686
127	354	5.013821
127	355	6.038714
127	356	5.783994
127	357	5.817602
127	358	5.579365
127	359	5.44846
127	360	5.207229
127	361	5.090718
127	362	4.768143
127	363	4.447891
127	364	4.25933
127	365	3.877086
127	366	3.622107
127	367	3.23567
127	368	2.232816
128	254	8.907495
128	255	7.88792
128	256	7.172764
128	257	6.016232
128	258	4.870108
128	259	3.918328
128	260	3.096943
128	261	2.561466
128	262	2.231036
128	263	1.84952
128	264	1.466317
128	265	1.350166
128	266	1.190272
128	267	1.114601
128	268	1.048306
128	269	0.904528
128	270	0.863805
128	271	0.680604
128	272	0.557951
128	273	0.428588
128	274	0.300828
128	275	0.279746
128	276	0.176355
128	277	0.145891
128	278	0.091707
128	279	0.081718
128	284	0.017369
128	285	0.114715
128	286	0.276904
128	287	0.420882
128	288	0.599978
128	289	0.776362
128	290	1.133622
128	291	1.40494
128	292	2.049417
128	293	2.20752
128	294	2.683164
128	295	3.271745
128	296	3.565226
128	297	3.836971
128	298	4.022609
128	299	4.19083
128	300	4.380361
128	301	4.577176
128	302	4.753575
128	303	4.907796
128	304	5.255147
128	305	5.48709
128	306	5.858938
128	307	5.873624
128	308	6.001469
128	309	6.011918
128	310	6.025797
128	311	5.88684
128	312	5.974403
128	313	4.89714
128	314	4.114919
128	315	3.743429
128	316	2.944746
128	317	2.357561
128	318	2.165587
128	319	1.846687
128	320	1.712922
128	321	1.590017
128	322	1.460331
128	323	1.389792
128	324	1.29095
128	325	1.259849
128	326	1.241576
128	327	1.232259
128	328	1.215285
128	329	1.191443
128	330	1.144696
128	331	1.084511
128	332	1.029546
128	333	0.976965
128	334	0.926362
128	335	0.843476
128	336	0.728922
128	337	0.61028
128	338	0.459786
128	339	0.381685
128	340	0.348926
128	341	0.281444
128	342	0.255005
128	343	0.175705
128	344	0.1553
128	345	0.151551
128	346	0.149174
128	347	0.260531
128	348	0.37673
128	349	0.867279
128	350	1.189904
128	351	1.709247
128	352	2.326978
128	353	2.898576
128	354	3.789822
128	355	4.544509
128	356	5.601362
128	357	5.369135
128	358	5.399521
128	359	5.168699
128	360	5.142746
128	361	4.866791
128	362	4.783074
128	363	4.488377
128	364	4.159904
128	365	3.974068
128	366	3.593516
128	367	3.320099
128	368	2.930442
128	369	2.100692
128	370	2.102321
129	255	7.831214
129	256	6.767597
129	257	6.068424
129	258	5.625904
129	259	4.564369
129	260	3.654257
129	261	2.916981
129	262	2.437733
129	263	2.138463
129	264	1.836823
129	265	1.445944
129	266	1.315233
129	267	1.120502
129	268	1.01194
129	269	0.983421
129	270	0.93342
129	271	0.874423
129	272	0.72329
129	273	0.613648
129	274	0.478102
129	275	0.371725
129	276	0.345465
129	277	0.248061
129	278	0.201843
129	279	0.137421
129	280	0.121548
129	281	0.038813
129	288	0.096044
129	289	0.326666
129	290	0.411837
129	291	0.513621
129	292	0.703834
129	293	1.211672
129	294	1.367853
129	295	1.843094
129	296	2.481715
129	297	3.066519
129	298	3.415819
129	299	3.532744
129	300	3.654558
129	301	3.796571
129	302	3.915206
129	303	4.089003
129	304	4.235793
129	305	4.371007
129	306	4.572975
129	307	4.957935
129	308	4.97125
129	309	5.10473
129	310	5.120714
129	311	5.142143
129	312	4.999406
129	313	5.099701
129	314	4.02941
129	315	3.256437
129	316	2.88735
129	317	2.506936
129	318	1.97341
129	319	1.781319
129	320	1.597581
129	321	1.468825
129	322	1.39935
129	323	1.26907
129	324	1.261565
129	325	1.165298
129	326	1.123734
129	327	1.113436
129	328	1.101354
129	329	1.153119
129	330	1.182905
129	331	1.18133
129	332	1.125893
129	333	1.068715
129	334	1.028044
129	335	0.970949
129	336	0.884865
129	337	0.775045
129	338	0.657475
129	339	0.517545
129	340	0.374491
129	341	0.345418
129	342	0.26687
129	343	0.22317
129	344	0.135833
129	345	0.014409
129	346	0.010401
129	347	0.015727
129	348	0.158349
129	349	0.285404
129	350	0.667837
129	351	0.915919
129	352	1.438427
129	353	1.992847
129	354	2.480169
129	355	3.399739
129	356	4.158322
129	357	5.23475
129	358	4.993825
129	359	5.006053
129	360	4.768597
129	361	4.744966
129	362	4.516282
129	363	4.461571
129	364	4.1802
129	365	3.847322
129	366	3.692064
129	367	3.332086
129	368	3.050857
129	369	2.652023
129	370	2.323409
129	371	2.04532
130	256	6.766625
130	257	5.720685
130	258	4.974986
130	259	4.574607
130	260	4.266952
130	261	3.471224
130	262	2.881979
130	263	2.355456
130	264	2.051569
130	265	1.761008
130	266	1.411248
130	267	1.274702
130	268	1.054336
130	269	0.91587
130	270	0.877529
130	271	0.850737
130	272	0.788752
130	273	0.737731
130	274	0.666128
130	275	0.534335
130	276	0.45
130	277	0.405797
130	278	0.288293
130	279	0.253527
130	280	0.178355
130	281	0.144565
130	282	0.111405
130	283	0.024555
130	284	0.00085
130	291	0.055392
130	292	0.038941
130	293	0.211291
130	294	0.541604
130	295	0.564054
130	296	1.13048
130	297	1.847062
130	298	2.40045
130	299	2.748201
130	300	2.979013
130	301	3.140173
130	302	3.324968
130	303	3.35488
130	304	3.455603
130	305	3.536149
130	306	3.629769
130	307	3.77438
130	308	4.103885
130	309	4.118141
130	310	4.256615
130	311	4.278287
130	312	4.311349
130	313	4.170513
130	314	4.271585
130	315	3.208751
130	316	2.445568
130	317	2.072098
130	318	1.689846
130	319	1.547298
130	320	1.388326
130	321	1.29317
130	322	1.266285
130	323	1.200398
130	324	1.13808
130	325	1.134932
130	326	1.039477
130	327	1.006486
130	328	0.992853
130	329	0.993364
130	330	1.042708
130	331	1.052156
130	332	1.101237
130	333	1.119296
130	334	1.083977
130	335	1.063795
130	336	0.995062
130	337	0.922436
130	338	0.826773
130	339	0.734383
130	340	0.589535
130	341	0.400489
130	342	0.342062
130	343	0.270737
130	344	0.202056
130	345	0.101348
130	346	0.022316
130	347	0.196876
130	348	0.179727
130	349	0.148441
130	350	0.267995
130	351	0.577468
130	352	0.752013
130	353	1.277212
130	354	1.743645
130	355	2.216514
130	356	3.095747
130	357	3.842084
130	358	4.923193
130	359	4.668226
130	360	4.656794
130	361	4.414956
130	362	4.38076
130	363	4.162455
130	364	4.10689
130	365	3.841404
130	366	3.560824
130	367	3.370592
130	368	3.08542
130	369	2.775005
130	370	2.410999
130	371	2.021142
130	372	1.732644
130	373	1.741784
130	374	1.850116
131	296	0.073735
131	297	0.623652
131	298	1.26792
131	299	1.749172
131	300	2.16794
131	301	2.503789
131	302	2.66144
131	303	2.810572
131	304	2.861463
131	305	2.940594
131	306	2.964118
131	307	2.981454
131	308	3.122063
131	309	3.290519
131	310	3.318687
131	311	3.457671
131	312	3.491462
131	313	3.528825
131	314	3.379441
131	315	3.497334
131	316	2.442486
131	317	1.681794
131	318	1.297156
131	319	1.235178
131	320	1.144528
131	321	1.126943
131	322	1.021561
131	323	0.991364
131	324	0.945776
131	325	1.018361
131	326	0.982336
131	327	0.890577
131	328	0.893017
131	329	0.882611
131	330	0.874949
131	331	0.938571
131	332	0.989798
131	333	1.045006
131	334	1.079664
131	335	1.124352
131	336	1.13149
131	337	1.064641
131	338	0.984068
131	339	0.897386
131	340	0.802147
131	341	0.653354
131	342	0.491582
131	343	0.356037
131	344	0.303778
131	345	0.215591
131	346	0.117201
131	347	0.038719
131	348	0.135693
131	349	0.19576
131	350	0.186375
131	351	0.268126
131	352	0.527502
131	353	1.386187
131	354	1.14014
131	355	1.519056
131	356	2.054232
131	357	2.844503
131	358	3.583789
131	359	4.652113
131	360	4.390718
131	361	4.370071
131	362	4.113147
131	363	4.066605
131	364	3.88747
131	365	3.801465
131	366	3.547964
131	367	3.272968
131	368	3.060749
131	369	2.797871
131	370	2.473828
131	371	2.208394
131	372	1.793393
131	373	1.429205
131	374	1.49547
131	375	1.744687
131	376	1.712283
132	298	0.219808
132	299	0.645934
132	300	1.071371
132	301	1.451858
132	302	1.810372
132	303	2.113812
132	304	2.26394
132	305	2.313495
132	306	2.41734
132	307	2.463009
132	308	2.438734
132	309	2.376183
132	310	2.537103
132	311	2.565385
132	312	2.707925
132	313	2.745316
132	314	2.785673
132	315	2.648476
132	316	2.775514
132	317	1.725947
132	318	0.96863
132	319	0.912035
132	320	0.877595
132	321	0.892494
132	322	0.855075
132	323	0.805752
132	324	0.776642
132	325	0.734826
132	326	0.767577
132	327	0.784504
132	328	0.766725
132	329	0.783492
132	330	0.770844
132	331	0.766409
132	332	0.832291
132	333	0.879373
132	334	0.941364
132	335	0.985843
132	336	1.047602
132	337	1.055004
132	338	1.073312
132	339	1.059312
132	340	0.985602
132	341	0.908137
132	342	0.754103
132	343	0.582122
132	344	0.427746
132	345	0.343795
132	346	0.260428
132	347	0.171608
132	348	0.066303
132	349	0.087806
132	350	0.214454
132	351	0.231344
132	352	0.302608
132	353	0.510277
132	354	1.525706
132	355	1.036511
132	356	1.367304
132	357	1.921836
132	358	2.634863
132	359	3.371516
132	360	4.424623
132	361	4.151946
132	362	4.134247
132	363	3.881694
132	364	3.812545
132	365	3.675937
132	366	3.532684
132	367	3.330879
132	368	3.056845
132	369	2.752677
132	370	2.525467
132	371	2.220375
132	372	1.933682
132	373	1.524072
132	374	1.214332
132	375	1.271382
132	376	1.073646
132	377	1.223715
133	300	0.33418
133	301	0.61891
133	302	0.939812
133	303	1.281608
133	304	1.602665
133	305	1.816223
133	306	1.960591
133	307	1.984838
133	308	2.021513
133	309	2.04562
133	310	1.879158
133	311	1.949957
133	312	1.885027
133	313	2.011816
133	314	2.056245
133	315	2.107919
133	316	1.976405
133	317	2.104274
133	318	1.056715
133	319	0.532899
133	320	0.555947
133	321	0.601901
133	322	0.634583
133	323	0.719381
133	324	0.722503
133	325	0.753455
133	326	0.713397
133	327	0.700688
133	328	0.71068
133	329	0.682327
133	330	0.671206
133	331	0.68027
133	332	0.713588
133	333	0.745536
133	334	0.786654
133	335	0.829085
133	336	0.892881
133	337	0.969595
133	338	1.042112
133	339	1.088396
133	340	1.11158
133	341	1.040839
133	342	1.005206
133	343	0.868905
133	344	0.685835
133	345	0.522551
133	346	0.403643
133	347	0.33027
133	348	0.256751
133	349	0.118825
133	350	0.010632
133	351	0.112452
133	352	0.123243
133	353	0.37192
133	354	2.285474
133	355	1.678235
133	356	1.345342
133	357	1.336286
133	358	1.842131
133	359	2.466488
133	360	3.216037
133	361	4.233735
133	362	3.956222
133	363	3.943408
133	364	3.694441
133	365	3.611491
133	366	3.483389
133	367	3.305426
133	368	3.122664
133	369	2.89596
133	370	2.684621
133	371	2.315192
133	372	2.010059
133	373	1.731124
133	374	1.305836
133	375	0.995465
133	376	1.040078
133	377	0.863421
133	378	1.009269
133	379	1.547544
133	380	1.486325
133	381	1.560906
134	302	0.342782
134	303	0.567186
134	304	0.861362
134	305	1.172553
134	306	1.407335
134	307	1.643522
134	308	1.626987
134	309	1.567387
134	310	1.642141
134	311	1.503615
134	312	1.473171
134	313	1.509799
134	314	1.696732
134	315	1.814229
134	316	1.957
134	317	1.866798
134	318	2.007896
134	319	0.983814
134	320	0.379721
134	321	0.415629
134	322	0.470041
134	323	0.495894
134	324	0.576091
134	325	0.611782
134	326	0.651441
134	327	0.66599
134	328	0.702215
134	329	0.718916
134	330	0.67114
134	331	0.647177
134	332	0.638273
134	333	0.644462
134	334	0.692161
134	335	0.732797
134	336	0.777795
134	337	0.859584
134	338	0.934163
134	339	1.006909
134	340	1.055054
134	341	1.087828
134	342	1.101925
134	343	1.099899
134	344	0.970012
134	345	0.795859
134	346	0.608331
134	347	0.458571
134	348	0.413781
134	349	0.325039
134	350	0.175114
134	351	0.043676
134	352	0.024396
134	353	0.05837
134	354	0.254457
134	355	2.377462
134	356	1.780603
134	357	1.452393
134	358	1.394464
134	359	1.832779
134	360	2.37876
134	361	3.100768
134	362	4.098634
134	363	3.804405
134	364	3.789002
134	365	3.554788
134	366	3.426051
134	367	3.3129
134	368	3.138803
134	369	2.977535
134	370	2.736856
134	371	2.554299
134	372	2.169924
134	373	1.851435
134	374	1.527448
134	375	1.1433
134	376	0.827158
134	377	0.902072
134	378	0.731666
134	379	0.833301
134	380	0.734418
134	381	0.679542
134	382	1.364539
134	383	1.375063
135	304	0.293135
135	305	0.585007
135	306	0.88343
135	307	1.053284
135	308	1.292919
135	309	1.274561
135	310	1.197468
135	311	1.250797
135	312	1.130264
135	313	1.077376
135	314	1.304532
135	315	1.496135
135	316	1.699347
135	317	1.863442
135	318	1.801345
135	319	2.032751
135	320	0.277124
135	321	0.229891
135	322	0.284191
135	323	0.333581
135	324	0.357904
135	325	0.441172
135	326	0.480472
135	327	0.527446
135	328	0.619948
135	329	0.720869
135	330	0.712946
135	331	0.669968
135	332	0.646339
135	333	0.648898
135	334	0.655451
135	335	0.663369
135	336	0.677193
135	337	0.69037
135	338	0.774875
135	339	0.860712
135	340	0.937533
135	341	0.996436
135	342	1.033349
135	343	1.068207
135	344	1.061894
135	345	0.999803
135	346	0.904367
135	347	0.718823
135	348	0.54635
135	349	0.484541
135	350	0.379641
135	351	0.235088
135	352	0.083791
135	353	3.382965
135	354	3.108306
135	355	0.149677
135	356	2.320217
135	357	1.76848
135	358	1.534979
135	359	1.501767
135	360	1.906135
135	361	2.391048
135	362	3.09916
135	363	4.065443
135	364	3.741187
135	365	3.660381
135	366	3.473065
135	367	3.26987
135	368	3.197753
135	369	3.030921
135	370	2.846799
135	371	2.615553
135	372	2.42822
135	373	2.055233
135	374	1.721048
135	375	1.412053
135	376	1.030792
135	377	0.716487
135	378	0.781845
135	379	0.576155
135	380	0.670765
135	381	0.585016
135	382	0.547019
135	383	1.249773
135	384	1.258485
135	387	2.012891
136	306	0.393074
136	307	0.633686
136	308	0.782346
136	309	0.923468
136	310	1.013677
136	311	0.925199
136	312	0.876518
136	313	0.865715
136	314	0.872754
136	315	1.06812
136	316	1.376328
136	317	1.588309
136	318	1.793789
136	319	1.806842
136	320	2.075037
136	321	0.125659
136	322	0.12991
136	323	0.178459
136	324	0.195957
136	325	0.229979
136	326	0.30902
136	327	0.367785
136	328	0.406814
136	329	0.502132
136	330	0.598029
136	331	0.602563
136	332	0.673571
136	333	0.649602
136	334	0.651962
136	335	0.684826
136	336	0.676868
136	337	0.686453
136	338	0.718139
136	339	0.780787
136	340	0.832225
136	341	0.893327
136	342	0.943471
136	343	0.985755
136	344	1.031553
136	345	1.064142
136	346	1.040215
136	347	0.911476
136	348	0.785739
136	349	0.64027
136	350	0.537761
136	351	0.430622
136	352	0.282387
136	353	0.124367
136	354	0.009449
136	355	3.11873
136	356	0.107229
136	357	2.278655
136	358	1.703792
136	359	1.371852
136	360	1.554779
136	361	2.011151
136	362	2.454301
136	363	3.122499
136	364	4.083907
136	365	3.735238
136	366	3.600686
136	367	3.458148
136	368	3.231717
136	369	3.10168
136	370	2.917577
136	371	2.739804
136	372	2.513895
136	373	2.321843
136	374	1.954094
136	375	1.604042
136	376	1.302197
136	377	0.931537
136	378	0.617539
136	379	0.682391
136	380	0.427404
136	381	0.508263
136	382	0.440462
136	383	0.403637
136	384	0.488795
136	385	1.048245
136	386	1.021663
