// Z A Bf
78	171	11.36
78	172	11.73
78	173	12.23
78	174	12.39
78	175	12.52
78	176	12.38
78	177	12.48
78	178	12.82
78	179	13.34
78	180	13.78
78	181	14.43
78	182	14.9
78	183	15.46
78	184	16.09
78	185	16.66
78	186	17.06
78	187	17.59
78	188	17.75
78	189	18.26
78	190	18.8
78	191	19.6
78	192	20.08
78	193	20.84
78	194	21.47
78	195	22.26
78	196	23.01
78	197	23.67
78	198	24.54
78	199	25.52
78	200	26.3
78	201	27.06
78	202	27.51
78	203	28.34
78	204	28.5
78	205	27.64
78	206	26.98
78	207	25.77
78	208	24.77
79	171	10.83
79	172	10.94
79	173	10.94
79	174	10.64
79	175	11
79	176	11.28
79	177	11.07
79	178	11.23
79	179	11.36
79	180	11.83
79	181	12.28
79	182	12.76
79	183	13.2
79	184	13.84
79	185	14.31
79	186	15.03
79	187	15.33
79	188	16.01
79	189	16.57
79	190	17.16
79	191	17.99
79	192	18.87
79	193	19.26
79	194	19.96
79	195	20.54
79	196	21.47
79	197	22.31
79	198	23.16
79	199	23.97
79	200	25.07
79	201	25.78
79	202	26.53
79	203	27.01
79	204	27.95
79	205	28.03
79	206	27.09
79	207	26.36
79	208	25.36
80	171	10.03
80	172	9.81
80	173	9.79
80	174	9.63
80	175	9.77
80	176	9.62
80	177	9.41
80	178	9.32
80	179	9.68
80	180	9.81
80	181	10.27
80	182	10.85
80	183	11.32
80	184	11.92
80	185	12.43
80	186	12.99
80	187	13.5
80	188	13.98
80	189	14.52
80	190	15.22
80	191	16.02
80	192	16.75
80	193	17.56
80	194	18.1
80	195	18.79
80	196	19.65
80	197	20.48
80	198	21.45
80	199	22.24
80	200	23.23
80	201	24.05
80	202	24.79
80	203	25.55
80	204	26.11
80	205	27.09
80	206	27.21
80	207	26.1
80	208	25.51
80	209	24.37
80	210	23.32
80	211	22.17
80	212	21.27
81	173	9.11
81	174	8.96
81	175	9.13
81	176	9.19
81	177	9.04
81	178	9.01
81	179	8.81
81	180	8.65
81	181	8.86
81	182	8.98
81	183	9.49
81	184	9.87
81	185	10.44
81	186	10.97
81	187	11.48
81	188	12.11
81	189	12.74
81	190	13.49
81	191	14.31
81	192	15.13
81	193	15.99
81	194	16.38
81	195	17.08
81	196	18.04
81	197	18.85
81	198	19.73
81	199	20.63
81	200	21.66
81	201	22.23
81	202	23.29
81	203	24.04
81	204	24.8
81	205	25.49
81	206	26.38
81	207	26.5
81	208	25.55
81	209	24.72
81	210	23.55
81	211	22.42
81	212	21.58
81	213	20.79
81	214	19.97
82	175	7.62
82	176	7.58
82	177	7.74
82	178	7.99
82	179	8.15
82	180	8.47
82	181	8.48
82	182	8.62
82	183	8.65
82	184	8.92
82	185	9.12
82	186	9.61
82	187	9.83
82	188	10.32
82	189	10.63
82	190	11.18
82	191	11.68
82	192	12.85
82	193	13.57
82	194	14.5
82	195	14.77
82	196	15.66
82	197	16.36
82	198	17.28
82	199	18.09
82	200	18.89
82	201	19.67
82	202	20.48
82	203	20.91
82	204	21.91
82	205	23.08
82	206	23.94
82	207	24.76
82	208	24.95
82	209	23.97
82	210	22.91
82	211	21.88
82	212	20.77
82	213	19.87
82	214	19.13
82	215	18.43
82	216	17.95
82	217	17.48
82	218	16.83
83	178	5.33
83	179	5.4
83	180	5.69
83	181	5.73
83	182	6.4
83	183	6.53
83	184	7.16
83	185	7.38
83	186	7.75
83	187	7.75
83	188	8.14
83	189	8.6
83	190	9.15
83	191	9.45
83	192	9.99
83	193	10.59
83	194	11.14
83	195	11.79
83	196	12.31
83	197	13.29
83	198	14.23
83	199	15.22
83	200	16.18
83	201	16.99
83	202	17.9
83	203	18.71
83	204	19.59
83	205	20.47
83	206	21.42
83	207	22.28
83	208	23.23
83	209	23.88
83	210	22.74
83	211	21.76
83	212	20.49
83	213	19.17
83	214	17.89
83	215	16.79
83	216	16.05
83	217	15.65
83	218	15.16
84	181	3.89
84	182	4.35
84	183	4.89
84	184	5.49
84	185	5.93
84	186	6.35
84	187	6.64
84	188	6.92
84	189	7.27
84	190	7.55
84	191	7.89
84	192	8.25
84	193	8.66
84	194	9.46
84	195	9.59
84	196	10.29
84	197	10.66
84	198	11.52
84	199	12.37
84	200	13.31
84	201	14.18
84	202	15.14
84	203	16.15
84	204	17.02
84	205	18.08
84	206	19.02
84	207	20.01
84	208	20.81
84	209	22.24
84	210	22.14
84	211	21.33
84	212	20.27
84	213	18.99
84	214	17.76
84	215	16.47
84	216	15.42
84	217	14.56
84	218	13.85
84	219	12.93
84	220	12.47
85	184	4.12
85	185	4.39
85	186	4.68
85	187	5
85	188	5.44
85	189	5.56
85	190	5.94
85	191	6.02
85	192	6.76
85	193	7.24
85	194	7.67
85	195	7.96
85	196	8.33
85	197	8.63
85	198	9.1
85	199	9.95
85	200	10.8
85	201	11.73
85	202	12.66
85	203	13.7
85	204	14.72
85	205	15.41
85	206	16.63
85	207	17.46
85	208	18.31
85	209	19.1
85	210	19.99
85	211	20.27
85	212	19.37
85	213	18.56
85	214	17.35
85	215	16.03
85	216	14.99
85	217	14.16
85	218	13.31
85	219	12.46
85	220	12.12
85	221	11.75
85	222	11.64
85	223	11.13
85	224	11.03
86	186	4.19
86	187	4.43
86	188	4.45
86	189	4.62
86	190	4.54
86	191	4.49
86	192	4.63
86	193	5.02
86	194	5.43
86	195	6.05
86	196	6.41
86	197	6.83
86	198	7.4
86	199	8.09
86	200	8.61
86	201	9.39
86	202	10.29
86	203	11.16
86	204	12.1
86	205	13.2
86	206	14.2
86	207	15.14
86	208	15.94
86	209	16.75
86	210	17.61
86	211	18.47
86	212	18.63
86	213	17.65
86	214	16.69
86	215	15.45
86	216	14.24
86	217	13.52
86	218	12.83
86	219	12.02
86	220	11.47
86	221	11.18
86	222	10.82
86	223	10.57
86	224	10.3
86	225	9.72
86	226	9.45
86	227	9.26
86	228	9.04
86	229	8.88
86	230	8.81
86	231	8.81
86	232	8.82
87	189	4.24
87	190	4.44
87	191	4.33
87	192	4.43
87	193	4.38
87	194	4.35
87	195	4.48
87	196	4.58
87	197	5.18
87	198	5.82
87	199	6.39
87	200	7.1
87	201	7.62
87	202	8.33
87	203	8.92
87	204	9.64
87	205	10.94
87	206	11.98
87	207	12.85
87	208	13.71
87	209	14.6
87	210	15.4
87	211	16.02
87	212	16.72
87	213	16.66
87	214	15.65
87	215	14.81
87	216	13.46
87	217	12.74
87	218	12.4
87	219	11.57
87	220	11.33
87	221	10.81
87	222	10.47
87	223	10.02
87	224	9.64
87	225	9.22
87	226	9.02
87	227	8.61
87	228	8.36
87	229	8.12
87	230	8.04
87	231	7.96
87	232	8.01
87	233	7.92
87	234	8.09
88	192	3.92
88	193	3.77
88	194	3.76
88	195	3.46
88	196	3.72
88	197	4.12
88	198	3.99
88	199	4.63
88	200	5.12
88	201	5.85
88	202	6.26
88	203	6.89
88	204	7.49
88	205	8.51
88	206	9.75
88	207	10.82
88	208	11.7
88	209	12.54
88	210	13.26
88	211	14
88	212	14.4
88	213	15.11
88	214	14.94
88	215	13.93
88	216	13.01
88	217	11.8
88	218	11.25
88	219	10.81
88	220	10.25
88	221	10.03
88	222	9.57
88	223	9.2
88	224	8.78
88	225	8.4
88	226	8.23
88	227	8.02
88	228	7.61
88	229	7.31
88	230	7.04
88	231	7.01
88	232	6.94
88	233	6.97
88	234	6.9
88	235	7.16
88	236	7.33
89	195	3.4
89	196	3.29
89	197	3.24
89	198	3.44
89	199	3.45
89	200	3.64
89	201	4.05
89	202	4.81
89	203	5.19
89	204	5.72
89	205	6.49
89	206	7.42
89	207	8.46
89	208	9.5
89	209	10.58
89	210	11.31
89	211	12.03
89	212	12.65
89	213	12.99
89	214	13.52
89	215	13.36
89	216	12.19
89	217	11.08
89	218	10.4
89	219	10.03
89	220	9.71
89	221	9.34
89	222	9.13
89	223	8.69
89	224	8.5
89	225	8.05
89	226	7.71
89	227	7.53
89	228	7.24
89	229	6.68
89	230	6.49
89	231	6.24
89	232	6.19
89	233	6.08
89	234	6.16
89	235	6.27
89	236	6.89
89	237	7.08
89	238	7.61
90	198	2.53
90	199	2.77
90	200	2.69
90	201	2.89
90	202	2.86
90	203	3.61
90	204	3.85
90	205	4.79
90	206	5.44
90	207	6.43
90	208	7.57
90	209	8.55
90	210	9.39
90	211	10.11
90	212	10.66
90	213	11.34
90	214	11.68
90	215	12.34
90	216	12.17
90	217	11.02
90	218	9.99
90	219	9.17
90	220	8.45
90	221	8.27
90	222	7.99
90	223	8.2
90	224	7.85
90	225	7.59
90	226	7.2
90	227	6.98
90	228	6.52
90	229	6.06
90	230	5.66
90	231	5.55
90	232	5.44
90	233	5.47
90	234	5.38
90	235	5.8
90	236	6.04
90	237	6.64
90	238	6.84
90	239	7.35
90	240	7.53
91	200	2.18
91	201	2.08
91	202	2.06
91	203	2.08
91	204	2.64
91	205	3.04
91	206	4.01
91	207	4.74
91	208	5.62
91	209	6.55
91	210	7.44
91	211	8.19
91	212	8.97
91	213	9.33
91	214	9.97
91	215	10.35
91	216	10.93
91	217	10.81
91	218	9.68
91	219	8.6
91	220	8.2
91	221	7.55
91	222	6.93
91	223	6.91
91	224	7.03
91	225	6.84
91	226	6.91
91	227	6.51
91	228	6.26
91	229	5.59
91	230	5.28
91	231	4.99
91	232	4.97
91	233	4.99
91	234	5.13
91	235	5.33
91	236	5.76
91	237	5.99
91	238	6.57
91	239	6.72
91	240	7.27
91	241	7.43
91	242	7.87
92	203	1.21
92	204	1.14
92	205	1.74
92	206	2.27
92	207	3.24
92	208	3.84
92	209	4.59
92	210	5.44
92	211	6.51
92	212	7.18
92	213	7.85
92	214	8.3
92	215	8.82
92	216	9.25
92	217	9.78
92	218	9.67
92	219	8.54
92	220	7.62
92	221	7.06
92	222	6.46
92	223	5.87
92	224	5.65
92	225	5.81
92	226	5.59
92	227	5.48
92	228	5.13
92	229	4.94
92	230	4.28
92	231	4.46
92	232	4.72
92	233	4.79
92	234	4.89
92	235	4.87
92	236	5.03
92	237	5.43
92	238	5.63
92	239	6.21
92	240	6.38
92	241	6.93
92	242	7.1
92	243	7.5
92	244	7.46
92	245	7.39
92	246	7.21
93	206	1.16
93	207	1.66
93	208	2.52
93	209	3.05
93	210	3.72
93	211	4.49
93	212	5.21
93	213	6.09
93	214	6.67
93	215	7
93	216	7.52
93	217	7.83
93	218	8.28
93	219	8.26
93	220	7.32
93	221	6.47
93	222	6.01
93	223	5.28
93	224	4.96
93	225	4.43
93	226	4.17
93	227	3.78
93	228	3.7
93	229	3.81
93	230	3.81
93	231	3.81
93	232	4.14
93	233	4.37
93	234	4.63
93	235	4.83
93	236	4.81
93	237	4.94
93	238	5.36
93	239	5.57
93	240	6.01
93	241	6.15
93	242	6.76
93	243	6.87
93	244	7.35
93	245	7.27
93	246	7.39
94	209	1.72
94	210	2.25
94	211	3.05
94	212	3.59
94	213	4.39
94	214	5.09
94	215	5.7
94	216	6.01
94	217	6.45
94	218	6.78
94	219	7.28
94	220	7.34
94	221	6.44
94	222	5.62
94	223	5.07
94	224	4.47
94	225	4.24
94	226	3.74
94	227	3.43
94	228	2.93
94	229	2.95
94	230	3.07
94	231	3.05
94	232	3.23
94	233	3.5
94	234	3.83
94	235	4.09
94	236	4.49
94	237	5
94	238	5.26
94	239	5.74
94	240	5.98
94	241	6.35
94	242	6.41
94	243	6.66
94	244	6.59
94	245	6.93
94	246	7.07
94	247	7.12
94	248	6.8
94	249	6.59
94	250	6.17
95	212	2.4
95	213	3.13
95	214	3.57
95	215	4.03
95	216	4.56
95	217	4.81
95	218	5.32
95	219	5.6
95	220	6.19
95	221	6.23
95	222	5.46
95	223	4.74
95	224	4.33
95	225	3.8
95	226	3.61
95	227	2.91
95	228	2.71
95	229	2.5
95	230	2.46
95	231	2.51
95	232	2.65
95	233	2.79
95	234	3.27
95	235	3.8
95	236	4.33
95	237	4.8
95	238	5.34
95	239	5.66
95	240	6.12
95	241	6.34
95	242	6.72
95	243	6.8
95	244	6.99
95	245	6.8
95	246	6.88
95	247	6.83
95	248	6.91
95	249	6.59
95	250	6.37
96	215	3.04
96	216	3.31
96	217	3.78
96	218	4.09
96	219	4.59
96	220	4.99
96	221	5.62
96	222	5.64
96	223	4.85
96	224	4.16
96	225	3.69
96	226	3.02
96	227	2.68
96	228	2.11
96	229	1.99
96	230	1.87
96	231	2
96	232	2.1
96	233	2.24
96	234	2.61
96	235	3.23
96	236	3.81
96	237	4.34
96	238	4.92
96	239	5.48
96	240	5.85
96	241	6.32
96	242	6.56
96	243	6.97
96	244	6.92
96	245	7.13
96	246	7.02
96	247	7.11
96	248	6.8
96	249	6.56
96	250	6.25
96	251	6.09
96	252	5.68
96	253	5.57
96	254	5.2
97	218	2.9
97	219	3.16
97	220	3.65
97	221	3.93
97	222	4.49
97	223	4.66
97	224	3.98
97	225	3.44
97	226	2.84
97	227	2.17
97	228	2.17
97	229	1.93
97	230	1.72
97	231	1.64
97	232	1.81
97	233	1.94
97	234	2.27
97	235	2.71
97	236	3.37
97	237	3.99
97	238	4.55
97	239	5.16
97	240	5.76
97	241	6.14
97	242	6.63
97	243	6.91
97	244	7.28
97	245	7.22
97	246	7.32
97	247	7.18
97	248	7.27
97	249	7
97	250	6.59
97	251	6.21
97	252	6.01
97	253	5.59
97	254	5.5
97	255	5.1
98	221	3.09
98	222	3.39
98	223	3.89
98	224	4.04
98	225	3.41
98	226	2.65
98	227	1.99
98	228	1.39
98	229	1.58
98	230	1.58
98	231	1.67
98	232	1.57
98	233	1.5
98	234	1.64
98	235	2.1
98	236	2.69
98	237	3.34
98	238	4.01
98	239	4.64
98	240	5.22
98	241	5.83
98	242	6.16
98	243	6.55
98	244	6.69
98	245	6.99
98	246	7.16
98	247	7.35
98	248	7.24
98	249	7.31
98	250	7.09
98	251	6.64
98	252	6.07
98	253	5.62
98	254	5.27
98	255	5.21
98	256	4.82
98	257	4.56
98	258	4.43
98	259	4.57
98	260	4.64
99	224	2.29
99	225	2.51
99	226	1.8
99	227	0.98
99	228	1.01
99	229	0.7
99	230	1.3
99	231	1.3
99	232	1.44
99	233	1.46
99	234	1.56
99	235	1.83
99	236	2.38
99	237	2.96
99	238	3.59
99	239	4.32
99	240	4.95
99	241	5.32
99	242	5.7
99	243	5.98
99	244	6.28
99	245	6.53
99	246	6.9
99	247	7.07
99	248	7.44
99	249	7.38
99	250	7.48
99	251	7.24
99	252	6.79
99	253	6.22
99	254	5.67
99	255	5.05
99	256	5.01
99	257	4.5
99	258	4.32
99	259	4.43
99	260	4.64
100	226	2.84
100	227	2.08
100	228	0.8
100	229	0.9
100	230	0.79
100	231	0.85
100	232	1.25
100	233	1.39
100	234	1.46
100	235	1.56
100	236	1.87
100	237	2.39
100	238	2.88
100	239	3.49
100	240	4.14
100	241	4.5
100	242	4.88
100	243	5.29
100	244	5.57
100	245	5.94
100	246	6.13
100	247	6.48
100	248	6.73
100	249	7.12
100	250	7.22
100	251	7.38
100	252	7.16
100	253	6.74
100	254	6.24
100	255	5.72
100	256	5.11
100	257	4.75
100	258	4.52
100	259	4.54
100	260	4.62
100	261	4.68
100	262	4.82
100	263	4.75
100	264	4.49
100	265	4.23
100	266	3.94
101	229	0.7
101	230	0.84
101	231	0.74
101	232	0.89
101	233	1.03
101	234	1.3
101	235	1.57
101	236	1.72
101	237	2.01
101	238	2.49
101	239	2.86
101	240	3.25
101	241	3.64
101	242	4.09
101	243	4.46
101	244	4.8
101	245	5.11
101	246	5.47
101	247	5.74
101	248	6.03
101	249	6.24
101	250	6.7
101	251	6.98
101	252	7.23
101	253	7.01
101	254	6.61
101	255	6.13
101	256	5.69
101	257	5.09
101	258	4.84
101	259	4.67
101	260	4.92
101	261	4.99
101	262	5.05
101	263	5.12
101	264	4.89
101	265	4.59
101	266	4.31
101	267	3.99
101	268	3.75
102	232	0.83
102	233	0.75
102	234	0.97
102	235	1.03
102	236	1.27
102	237	1.59
102	238	2.05
102	239	2.35
102	240	2.55
102	241	2.82
102	242	3.18
102	243	3.58
102	244	3.94
102	245	4.32
102	246	4.62
102	247	4.98
102	248	5.24
102	249	5.61
102	250	5.83
102	251	6.25
102	252	6.5
102	253	6.93
102	254	6.76
102	255	6.38
102	256	5.94
102	257	5.52
102	258	4.98
102	259	5
102	260	4.93
102	261	5.26
102	262	5.11
102	263	5.26
102	264	5.36
102	265	5.4
102	266	5.01
102	267	4.72
102	268	4.19
103	235	1.07
103	236	1.18
103	237	1.44
103	238	1.75
103	239	1.95
103	240	2.12
103	241	2.28
103	242	2.46
103	243	2.79
103	244	3.18
103	245	3.49
103	246	3.89
103	247	4.19
103	248	4.5
103	249	4.81
103	250	5.26
103	251	5.55
103	252	5.97
103	253	6.27
103	254	6.7
103	255	6.6
103	256	6.27
103	257	5.9
103	258	5.52
103	259	5.21
103	260	5.39
103	261	5.37
103	262	5.52
103	263	5.48
103	264	5.73
103	265	5.97
103	266	6.03
103	267	5.63
103	268	5.22
103	269	4.81
103	270	4.36
104	238	1.11
104	239	1.28
104	240	1.53
104	241	1.67
104	242	1.82
104	243	2.01
104	244	2.28
104	245	2.54
104	246	2.95
104	247	3.33
104	248	3.64
104	249	3.95
104	250	4.36
104	251	4.76
104	252	5.09
104	253	5.53
104	254	5.87
104	255	6.24
104	256	6.26
104	257	6.02
104	258	5.65
104	259	5.49
104	260	5.36
104	261	5.56
104	262	5.59
104	263	5.61
104	264	5.79
104	265	6.27
104	266	6.43
104	267	6.43
104	268	6.03
104	269	5.6
104	270	5.1
104	271	4.72
104	272	4.28
105	241	1.31
105	242	1.44
105	243	1.55
105	244	1.68
105	245	1.94
105	246	2.18
105	247	2.59
105	248	2.88
105	249	3.21
105	250	3.53
105	251	4.01
105	252	4.44
105	253	4.81
105	254	5.26
105	255	5.67
105	256	6.05
105	257	6.22
105	258	6.01
105	259	5.76
105	260	5.81
105	261	5.76
105	262	5.94
105	263	5.9
105	264	6.08
105	265	6.36
105	266	6.8
105	267	6.99
105	268	7
105	269	6.59
105	270	6.13
105	271	5.62
105	272	5.18
106	244	1.15
106	245	1.27
106	246	1.44
106	247	1.73
106	248	2.11
106	249	2.38
106	250	2.67
106	251	3.16
106	252	3.59
106	253	4.02
106	254	4.44
106	255	4.86
106	256	5.3
106	257	5.7
106	258	5.93
106	259	5.82
106	260	5.84
106	261	5.88
106	262	5.91
106	263	6.17
106	264	5.98
106	265	6.27
106	266	6.69
106	267	7.08
106	268	7.29
106	269	7.3
106	270	6.92
106	271	6.48
106	272	5.94
106	273	5.48
106	274	4.96
106	275	4.7
106	276	4.39
107	247	1.13
107	248	1.33
107	249	1.7
107	250	1.91
107	251	2.45
107	252	2.88
107	253	3.27
107	254	3.74
107	255	4.1
107	256	4.54
107	257	5
107	258	5.41
107	259	5.66
107	260	5.87
107	261	6.01
107	262	6.2
107	263	6.2
107	264	6.39
107	265	6.34
107	266	6.71
107	267	6.97
107	268	7.2
107	269	7.6
107	270	7.69
107	271	7.39
107	272	6.94
107	273	6.38
107	274	5.93
107	275	5.3
107	276	5.13
107	277	4.8
107	278	4.82
108	250	1.02
108	251	1.55
108	252	1.97
108	253	2.39
108	254	2.82
108	255	3.22
108	256	3.64
108	257	4.01
108	258	4.54
108	259	4.93
108	260	5.39
108	261	5.65
108	262	5.88
108	263	6.01
108	264	6.13
108	265	6.26
108	266	6.26
108	267	6.47
108	268	6.59
108	269	7.04
108	270	7.37
108	271	7.49
108	272	7.3
108	273	6.93
108	274	6.45
108	275	6.08
108	276	5.52
108	277	5.68
108	278	5.5
108	279	5.18
108	280	5.27
108	281	5.62
108	282	5.51
109	253	1.59
109	254	1.96
109	255	2.37
109	256	2.76
109	257	3.22
109	258	3.58
109	259	4.2
109	260	4.65
109	261	5.13
109	262	5.48
109	263	5.7
109	264	5.91
109	265	5.88
109	266	5.88
109	267	6.04
109	268	6.28
109	269	6.7
109	270	7.14
109	271	7.49
109	272	7.68
109	273	7.41
109	274	7.11
109	275	6.59
109	276	6.16
109	277	5.63
109	278	5.44
109	279	5.31
109	280	5.47
109	281	5.48
109	282	5.79
109	283	5.88
109	284	6.3
110	256	1.76
110	257	2.12
110	258	2.68
110	259	3.15
110	260	3.7
110	261	4.17
110	262	4.68
110	263	4.99
110	264	5.27
110	265	5.35
110	266	5.34
110	267	5.47
110	268	5.48
110	269	5.95
110	270	6.45
110	271	6.92
110	272	7.31
110	273	7.48
110	274	7.27
110	275	6.9
110	276	6.49
110	277	6.09
110	278	5.59
110	279	5.64
110	280	5.69
110	281	5.86
110	282	5.94
110	283	6.46
110	284	6.7
110	285	7.25
110	286	7.26
110	287	7.45
110	288	7.45
111	259	2.32
111	260	2.71
111	261	3.2
111	262	3.62
111	263	4.21
111	264	4.42
111	265	4.75
111	266	4.72
111	267	4.8
111	268	4.88
111	269	5.1
111	270	5.7
111	271	6.13
111	272	6.62
111	273	6.96
111	274	7.2
111	275	7.01
111	276	6.71
111	277	6.37
111	278	6.06
111	279	5.7
111	280	6.01
111	281	6.03
111	282	6.37
111	283	6.64
111	284	7.26
111	285	7.55
111	286	8.06
111	287	7.87
111	288	7.9
112	262	2.65
112	263	3.15
112	264	3.61
112	265	3.79
112	266	4.05
112	267	4.11
112	268	4.06
112	269	4.25
112	270	4.72
112	271	5.18
112	272	5.63
112	273	6.1
112	274	6.51
112	275	6.71
112	276	6.59
112	277	6.36
112	278	5.99
112	279	5.78
112	280	5.89
112	281	6.25
112	282	6.51
112	283	6.99
112	284	7.41
112	285	8
112	286	8.24
112	287	8.4
112	288	8.53
113	266	3.06
113	267	3.25
113	268	3.25
113	269	3.38
113	270	3.8
113	271	4.26
113	272	4.77
113	273	5.22
113	274	5.7
113	275	6.09
113	276	6.38
113	277	6.31
113	278	6.06
113	279	6.12
113	280	6.41
113	281	6.66
113	282	6.98
113	283	7.35
113	284	7.93
113	285	8.33
113	286	8.72
113	287	8.75
113	288	8.92
114	269	2.76
114	270	2.97
114	271	3.37
114	272	3.79
114	273	4.26
114	274	4.69
114	275	5.15
114	276	5.53
114	277	5.85
114	278	6.55
114	279	6.97
114	280	7.13
114	281	7.18
114	282	7.33
114	283	7.65
114	284	8.09
114	285	8.82
114	286	9
114	287	9.23
114	288	9.18
114	289	9.61
114	290	9.89
114	291	9.97
114	292	9.98
115	272	3.08
115	273	3.47
115	274	3.86
115	275	4.29
115	276	4.75
115	277	5.2
115	278	5.61
115	279	6.51
115	280	6.7
115	281	6.82
115	282	7.18
115	283	7.6
115	284	8.18
115	285	8.58
115	286	8.96
115	287	9.2
115	288	9.42
115	289	9.29
115	290	9.53
115	291	9.6
115	292	9.76
116	275	3.32
116	276	3.79
116	277	4.25
116	278	4.91
116	279	5.35
116	280	6.21
116	281	6.41
116	282	6.66
116	283	7.16
116	284	7.65
116	285	8.23
116	286	8.47
116	287	8.76
116	288	9.02
116	289	8.95
116	290	8.94
116	291	9.08
116	292	9.26
116	293	9.35
116	294	9.46
116	295	9.49
116	296	9.1
117	278	4.14
117	279	4.83
117	280	5.21
117	281	6.01
117	282	6.3
117	283	6.69
117	284	7.27
117	285	7.79
117	286	8.34
117	287	8.7
117	288	8.57
117	289	8.61
117	290	8.9
117	291	8.88
117	292	8.99
117	293	8.96
117	294	9.04
117	295	9.06
117	296	9.17
118	281	4.73
118	282	5.49
118	283	5.88
118	284	6.31
118	285	6.85
118	286	7.37
118	287	8.12
118	288	8.32
118	289	8.85
118	290	8.39
118	291	8.41
118	292	8.41
118	293	8.53
118	294	8.48
118	295	8.46
118	296	8.36
118	297	8.49
118	298	8.05
118	299	7.76
118	300	7.15
119	284	5.51
119	285	6.19
119	286	6.7
119	287	7.34
119	288	7.9
119	289	8.06
119	290	7.62
119	291	7.8
119	292	8.05
119	293	8.12
119	294	8.29
119	295	8.06
119	296	8.07
119	297	7.94
119	298	8.1
119	299	7.72
119	300	7.37
120	287	6.35
120	288	6.85
120	289	7.35
120	290	7.7
120	291	8.26
120	292	7.36
120	293	7.44
120	294	7.57
120	295	7.71
120	296	7.69
120	297	7.54
120	298	7.33
120	299	7.48
120	300	7.01
120	301	6.68
120	302	6.07
120	303	5.55
120	304	4.86
121	290	7.07
121	291	6.46
121	292	6.82
121	293	6.89
121	294	7.31
121	295	7.03
121	296	7.19
121	297	7.16
121	298	7.05
121	299	6.99
121	300	7.1
121	301	6.66
121	302	6.31
121	303	5.64
121	304	5.11
122	294	6.32
122	295	6.54
122	296	6.53
122	297	6.31
122	298	6.33
122	299	6.28
122	300	6.19
122	301	6.23
122	302	5.6
122	303	5.51
122	304	4.87
122	305	4.33
122	306	3.62
122	307	2.6
122	308	1.82
123	297	6.09
123	298	5.84
123	299	5.6
123	300	5.54
123	301	5.45
123	302	5.45
123	303	5.01
123	304	4.93
123	305	4.25
123	306	3.69
123	307	2.95
123	308	1.94
124	300	5.64
124	301	5.77
124	302	5.63
124	303	5.45
124	304	4.12
124	305	3.9
124	306	3.32
124	307	2.74
124	308	2.01
124	309	1.85
124	310	1.75
124	311	1.74
124	312	1.66
125	303	5.64
125	304	5.45
125	305	4.93
125	306	4.44
125	307	3.71
125	308	1.81
125	309	1.08
125	310	1.96
125	311	1.8
125	312	1.98
